#G(0/1) F(m/min)      X(m)        Y(m)        Z(m)       E(mm)     Rx        Ry          Rz       seg#
0 0.05 0.005019670997168271 1.800353019363281e-05 2.0691720131057632e-05 0.0 3.14159265 -0.0 0.0 0
1 0.052094840162250244 0.0050240420977282745 0.00012199981966778858 2.5291148532884877e-05 0.00522449 3.13897465 0.0 0.0 0
1 0.051760290010445076 0.005027748822858292 0.00022538031091466108 2.9195595513870903e-05 0.01044898 3.13635665 0.0 0.0 0
1 0.05131934366160285 0.005030573619987578 0.00032793664324215466 3.218212462671376e-05 0.01567347 3.13373865 0.0 0.0 0
1 0.050882760762639506 0.005032526582757406 0.00042966195294214004 3.427226198434404e-05 0.02089796 3.13112065 0.0 0.0 0
1 0.05052593227636089 0.005033786730926702 0.0005306962820126075 3.567072737667311e-05 0.02612245 3.12850265 0.0 0.0 0
1 0.05027522514285531 0.005034602402050244 0.000631238579735221 3.665769340178164e-05 0.03134694 3.12588465 0.0 0.0 0
1 0.05011979271476006 0.0050352007005399916 0.0007314729597396885 3.748569770082937e-05 0.03657143 3.12326665 0.0 0.0 0
1 0.05003218995707698 0.005035732674315157 0.0008315325239275536 3.831077105585711e-05 0.04179592 3.12064865 0.0 0.0 0
1 0.04998489610874741 0.00503625685313465 0.0009314972833425254 3.916602989449792e-05 0.04702041 3.11803065 0.0 0.0 0
1 0.04995859385274984 0.005036753152877201 0.0010314099493652104 3.9976741792163635e-05 0.0522449 3.11541265 0.0 0.0 0
1 0.049943865967307634 0.00503715715467465 0.0011312948549730912 4.061030733255956e-05 0.05746939 3.11279465 0.0 0.0 0
1 0.04993930263994866 0.005037402649551596 0.0012311725999867617 4.094433713229087e-05 0.06269388 3.11017665 0.0 0.0 0
1 0.04994790143691212 0.005037457536041544 0.0013310683861376806 4.0926210658272016e-05 0.06791837 3.10755865 0.0 0.0 0
1 0.04997455573019448 0.005037342210693803 0.0014310169020044852 4.0601006401646736e-05 0.07314286 3.10494065 0.0 0.0 0
1 0.05002178262303093 0.005037120562457127 0.0015310589303700974 4.0092695771946956e-05 0.07836735 3.10232265 0.0 0.0 0
1 0.05008885098640261 0.005036877095523667 0.001631234911505247 3.9558373757934016e-05 0.08359184 3.09970465 0.0 0.0 0
1 0.05016877753040238 0.005036690044936856 0.0017315714129373671 3.913831659501209e-05 0.08881633 3.09708665 0.0 0.0 0
1 0.05024675383086455 0.005036614933279086 0.0018320646736645647 3.8928581494528016e-05 0.09404082 3.09446865 0.0 0.0 0
1 0.05030153082299739 0.005036685227599193 0.0019326676933337692 3.898778195094905e-05 0.09926531 3.09185065 0.0 0.0 0
1 0.050311261934689856 0.0050369268343574735 0.002033289204987876 3.9369001652348446e-05 0.1044898 3.08923265 0.0 0.0 0
1 0.050262716521663794 0.005037372136808138 0.00213381064413579 4.014660431958308e-05 0.10971429 3.08661465 0.0 0.0 0
1 0.05015978446119631 0.005038054801565967 0.002234120041289298 4.1401482920481374e-05 0.11493878 3.08399665 0.0 0.0 0
1 0.05002577331744065 0.005038976423016219 0.0023341520572701356 4.315030445044829e-05 0.12016327 3.08137865 0.0 0.0 0
1 0.049896099511863024 0.005040059265048288 0.0024339162921173827 4.524980069188863e-05 0.12538776 3.07876065 0.0 0.0 0
1 0.049804847392898165 0.005041120929696926 0.0025334982517343833 4.734681817666679e-05 0.13061225 3.07614265 0.0 0.0 0
1 0.049773564145276075 0.005041905010581534 0.0026330295621254016 4.8938741513001003e-05 0.13583673 3.07352465 0.0 0.0 0
1 0.04980644918444538 0.005042169670748037 0.002732640257113464 4.954612972699096e-05 0.14106122 3.07090665 0.0 0.0 0
1 0.04988902545024403 0.005041792602808042 0.002832415610531882 4.891675583275397e-05 0.14628571 3.06828865 0.0 0.0 0
1 0.049990627203373564 0.005040830949074618 0.002932376509201592 4.7143286919117594e-05 0.1515102 3.06567065 0.0 0.0 0
1 0.05007612160860006 0.0050394991490117025 0.0030324881936883547 4.462361248527905e-05 0.15673469 3.06305265 0.0 0.0 0
1 0.05012321952954979 0.005038078876782591 0.0031326872979195374 4.1890321045728854e-05 0.16195918 3.06043465 0.0 0.0 0
1 0.0501310461428899 0.005036814175111433 0.0032329107366347713 3.9410399414101216e-05 0.16718367 3.05781665 0.0 0.0 0
1 0.05011345536375562 0.005035844930246135 0.003333113923304356 3.7457048541395056e-05 0.17240816 3.05519865 0.0 0.0 0
1 0.050086168474063004 0.005035199339762116 0.0034332749054155347 3.6093976606402174e-05 0.17763265 3.05258065 0.0 0.0 0
1 0.05005894263868542 0.005034829824852294 0.003533388493497757 3.524315791399333e-05 0.18285714 3.04996265 0.0 0.0 0
1 0.05003484759437056 0.0050346612330294475 0.0036334569580982355 3.477639837461131e-05 0.18808163 3.04734465 0.0 0.0 0
1 0.050012769609207336 0.00503462727174059 0.003733482306106932 3.458378917272222e-05 0.19330612 3.04472665 0.0 0.0 0
1 0.049990083450924726 0.005034686588791953 0.0038334624537980275 3.4601757917886054e-05 0.19853061 3.04210865 0.0 0.0 0
1 0.049964513138360214 0.005034821929130538 0.003933391177283949 3.480717963139893e-05 0.2037551 3.03949065 0.0 0.0 0
1 0.0499353887629658 0.005035029508554989 0.004033260996131215 3.5192404021881324e-05 0.20897959 3.03687265 0.0 0.0 0
1 0.049904243256811406 0.005035304941971137 0.004133067623849335 3.573570882584025e-05 0.21420408 3.03425465 0.0 0.0 0
1 0.04987476321039265 0.005035631520611073 0.004232814531408438 3.63805343514975e-05 0.21942857 3.03163665 0.0 0.0 0
1 0.04985211378799074 0.005035976252524911 0.004332516017128577 3.7034676253234805e-05 0.22465306 3.02901865 0.0 0.0 0
1 0.04984187082046444 0.005036295713127205 0.004432197690068798 3.7591786922621534e-05 0.22987755 3.02640065 0.0 0.0 0
1 0.049848779397894546 0.005036548928014317 0.004531894225000442 3.796599900707308e-05 0.23510204 3.02378265 0.0 0.0 0
1 0.04987537824616714 0.005036711451527323 0.004631644723747136 3.812413403327329e-05 0.24032653 3.02116465 0.0 0.0 0
1 0.0499205732038033 0.005036785108857151 0.004731485840514961 3.810192735783135e-05 0.24555102 3.01854665 0.0 0.0 0
1 0.049978695359040724 0.005036801630390082 0.004831443178579175 3.800066866717105e-05 0.25077551 3.01592865 0.0 0.0 0
1 0.050039781112079774 0.0050368215807926565 0.004931522734187666 3.797023566077621e-05 0.256 3.01331065 0.0 0.0 0
1 0.05009171753170072 0.005036928032977402 0.005031705886350108 3.818319535705361e-05 0.26122449 3.01069265 0.0 0.0 0
1 0.0501247212569422 0.005037209806528132 0.005131953058586048 3.8796209801006537e-05 0.26644898 3.00807465 0.0 0.0 0
1 0.050136515961150936 0.005037729762362206 0.005232218732489602 3.9894031957653925e-05 0.27167347 3.00545665 0.0 0.0 0
1 0.050134947892302315 0.005038484644472896 0.005332474066744152 4.1427037881634605e-05 0.27689796 3.00283865 0.0 0.0 0
1 0.05013700819136152 0.005039376974635405 0.0054327288651699135 4.3175609016499035e-05 0.28212245 3.00022065 0.0 0.0 0
1 0.05016453427938034 0.005040223375312683 0.005533041522672517 4.4780709800635655e-05 0.28734694 2.99760265 0.0 0.0 0
1 0.05023581454915105 0.005040808851034108 0.0056335057260858456 4.585276594273935e-05 0.29257143 2.99498465 0.0 0.0 0
1 0.05035198684564356 0.005040968235894626 0.005734209218864658 4.612007817486414e-05 0.29779592 2.99236665 0.0 0.0 0
1 0.0504837830342298 0.005040654061429063 0.005835174633328644 4.55406178144587e-05 0.30302041 2.98974865 0.0 0.0 0
1 0.0505729978224302 0.005039953047845983 0.005936310735428115 4.431185133060146e-05 0.3082449 2.98713065 0.0 0.0 0
1 0.050557710799071426 0.00503904223338883 0.006037410328410645 4.277198095888589e-05 0.31346939 2.98451265 0.0 0.0 0
1 0.05040954886565851 0.005038110727422647 0.006138213653972791 4.1251349641337105e-05 0.31869388 2.98189465 0.0 0.0 0
1 0.05015699233401432 0.005037290078678967 0.006238515928326319 3.9956816858243984e-05 0.32391837 2.97927665 0.0 0.0 0
1 0.049876542231079395 0.005036625908344809 0.006338261628963423 3.894097144927001e-05 0.32914286 2.97665865 0.0 0.0 0
1 0.049655852708100426 0.005036095356280426 0.006437568764125765 3.814960994542139e-05 0.33436735 2.97404065 0.0 0.0 0
1 0.04955169351440796 0.0050356493552128866 0.006536669012147622 3.749903663106268e-05 0.33959184 2.97142265 0.0 0.0 0
1 0.04956814722999891 0.0050352508084122605 0.006635802889567418 3.693300887202133e-05 0.34481633 2.96880465 0.0 0.0 0
1 0.04966540380976984 0.005034890297581887 0.006735131808438194 3.643778139505019e-05 0.35004082 2.96618665 0.0 0.0 0
1 0.04978844398419796 0.0050345792185087865 0.006834707356481173 3.602537477414688e-05 0.35526531 2.96356865 0.0 0.0 0
1 0.049894590495291005 0.0050343329694583225 0.006934495732127286 3.5709004600580435e-05 0.3604898 2.96095065 0.0 0.0 0
1 0.049965396506085856 0.005034157744066938 0.007034426128338673 3.548854794061282e-05 0.36571429 2.95833265 0.0 0.0 0
1 0.05000268400396843 0.0050340469610123005 0.00713443133856973 3.5349680522262236e-05 0.37093878 2.95571465 0.0 0.0 0
1 0.05001763937271073 0.005033985493459987 0.007234466567467324 3.5270973343860765e-05 0.37616327 2.95309665 0.0 0.0 0
1 0.050021548160441756 0.00503395639451332 0.007334509651858818 3.523172850540461e-05 0.38138776 2.95047865 0.0 0.0 0
1 0.050021698970337446 0.005033945715533781 0.007434553048021299 3.5216180108745344e-05 0.38661225 2.94786065 0.0 0.0 0
1 0.05002144228857978 0.005033944117133014 0.007534595932561746 3.521399138280082e-05 0.39183673 2.94524265 0.0 0.0 0
1 0.050021640730370784 0.005033946305531465 0.007634639213872895 3.52190056216168e-05 0.39706122 2.94262465 0.0 0.0 0
1 0.05002210007097075 0.005033949776295748 0.007734683413569913 3.522777932398008e-05 0.40228571 2.94000665 0.0 0.0 0
1 0.05002263077260291 0.005033953526537168 0.007834728674481156 3.523839937549561e-05 0.4075102 2.93738865 0.0 0.0 0
1 0.05002322423268191 0.005033957175798068 0.007934775122232224 3.5249783951465905e-05 0.41273469 2.93477065 0.0 0.0 0
1 0.05002393881422607 0.005033960607351212 0.008034822999130926 3.526137033341724e-05 0.41795918 2.93215265 0.0 0.0 0
1 0.05002486469937057 0.005033963817023041 0.008134872727813542 3.527290264530617e-05 0.42318367 2.92953465 0.0 0.0 0
1 0.05002609547043006 0.005033966833586501 0.008234924918061772 3.528428240206882e-05 0.42840816 2.92691665 0.0 0.0 0
1 0.050027660466292846 0.00503396969305271 0.008334980238326005 3.529548810269617e-05 0.43363265 2.92429865 0.0 0.0 0
1 0.05002947025947264 0.005033972433677117 0.008435039178197663 3.530653448731055e-05 0.43885714 2.92168065 0.0 0.0 0
1 0.05003129977366745 0.005033975090530518 0.008535101777114478 3.5317448892479924e-05 0.44408163 2.91906265 0.0 0.0 0
1 0.050032819378284764 0.005033977686255997 0.008635167415253888 3.532825514802048e-05 0.44930612 2.91644465 0.0 0.0 0
1 0.0500336667637972 0.005033980220764001 0.008735234748176763 3.5338960349638374e-05 0.45453061 2.91382665 0.0 0.0 0
1 0.050033540844061024 0.005033982664165252 0.00883530182927514 3.534954610326679e-05 0.4597551 2.91120865 0.0 0.0 0
1 0.050032307967970646 0.005033984957079529 0.008935366444642196 3.5359966896618216e-05 0.46497959 2.90859065 0.0 0.0 0
1 0.050030149380972014 0.00503398701899387 0.009035426742864075 3.5370156431539836e-05 0.47020408 2.90597265 0.0 0.0 0
1 0.050027698631501236 0.005033988761730741 0.00913548213962373 3.5380040177625336e-05 0.47542857 2.90335465 0.0 0.0 0
1 0.050026067507628925 0.005033990101288685 0.009235534274178189 3.538954876378147e-05 0.48065306 2.90073665 0.0 0.0 0
1 0.05002665945474867 0.005033990961335985 0.009335587592672267 3.539862557191518e-05 0.48587755 2.89811865 0.0 0.0 0
1 0.050030668390944714 0.005033991272904984 0.009435648929083806 3.540722897662142e-05 0.49110204 2.89550065 0.0 0.0 0
1 0.050038332998888 0.005033990987089751 0.009535725594752575 3.54153388441468e-05 0.49632653 2.89288265 0.0 0.0 0
1 0.050048262163859165 0.005033990116479515 0.009635822118784984 3.542297827200361e-05 0.50155102 2.89026465 0.0 0.0 0
1 0.05005732501186945 0.005033988797809082 0.009735936768536086 3.543024815723067e-05 0.50677551 2.88764665 0.0 0.0 0
1 0.05006151679383373 0.0050339873345389505 0.009836059801861145 3.543735062983562e-05 0.512 2.88502865 0.0 0.0 0
1 0.05005771598878757 0.005033986165198278 0.009936175233571745 3.544456792521667e-05 0.51722449 2.88241065 0.0 0.0 0
1 0.05004551421066413 0.005033985736797476 0.010036266261702467 3.545218307803389e-05 0.52244898 2.87979265 0.0 0.0 0
1 0.05002792505841107 0.005033986329884359 0.010136322111482526 3.54603707772025e-05 0.52767347 2.87717465 0.0 0.0 0
1 0.05001026786221911 0.005033987931275503 0.010236342646811634 3.54691182319372e-05 0.53289796 2.87455665 0.0 0.0 0
1 0.04999771460737856 0.005033990234196441 0.010336338075585084 3.5478226138308134e-05 0.53812245 2.87193865 0.0 0.0 0
1 0.049992966863614145 0.005033992768336824 0.01043632400886013 3.548739138350543e-05 0.54334694 2.86932065 0.0 0.0 0
1 0.04999543580103815 0.0050339950830754245 0.0105363148800365 3.549632310695111e-05 0.54857143 2.86670265 0.0 0.0 0
1 0.0500022034830851 0.00503399688578939 0.010636319286624585 3.550483018911731e-05 0.55379592 2.86408465 0.0 0.0 0
1 0.05000987855596768 0.005033998081639184 0.010736339043408143 3.551284632102198e-05 0.55902041 2.86146665 0.0 0.0 0
1 0.05001612820876984 0.005033998727549303 0.010836371299538343 3.55204007528331e-05 0.5642449 2.85884865 0.0 0.0 0
1 0.0500202140220748 0.005033998951754279 0.01093641172732555 3.5527567257154065e-05 0.56946939 2.85623065 0.0 0.0 0
1 0.05002263332681035 0.005033998886320376 0.011036456993744365 3.5534421319804595e-05 0.57469388 2.85361265 0.0 0.0 0
1 0.05002437900176578 0.005033998632652522 0.011136505751530086 3.554101822301697e-05 0.57991837 2.85099465 0.0 0.0 0
1 0.0500262786757991 0.005033998255224185 0.011236558308678144 3.554738899896499e-05 0.58514286 2.84837665 0.0 0.0 0
1 0.050028629327497985 0.005033997788909121 0.011336615567142681 3.5553544976958096e-05 0.59036735 2.84575865 0.0 0.0 0
1 0.050031147314378334 0.005033997247252785 0.011436677861593789 3.555948289239415e-05 0.59559184 2.84314065 0.0 0.0 0
1 0.05003316669186207 0.005033996625535771 0.011536744194813025 3.5565186640631365e-05 0.60081633 2.84052265 0.0 0.0 0
1 0.05003401672124905 0.005033995895695873 0.01163681222810515 3.5570623775274204e-05 0.60604082 2.83790465 0.0 0.0 0
1 0.050033413623316564 0.0050339949942403255 0.011736879055217062 3.557573744565181e-05 0.61126531 2.83528665 0.0 0.0 0
1 0.05003166516760821 0.005033993809417002 0.011836942385434868 3.558043777996276e-05 0.6164898 2.83266865 0.0 0.0 0
1 0.05002958302651261 0.005033992176719547 0.011937001551388061 3.5584598631533995e-05 0.62171429 2.83005065 0.0 0.0 0
1 0.05002811268752688 0.005033989894425624 0.012037057776676954 3.558806747648218e-05 0.62693878 2.82743265 0.0 0.0 0
1 0.050027868476225715 0.005033986766523051 0.012137113513546047 3.5590693688750515e-05 0.63216327 2.82481465 0.0 0.0 0
1 0.05002884264047547 0.005033982666696638 0.012237171198728934 3.559237172313537e-05 0.63738776 2.82219665 0.0 0.0 0
1 0.050030454448705415 0.005033977599728098 0.012337232107495514 3.55930843137465e-05 0.64261225 2.81957865 0.0 0.0 0
1 0.05003190216411557 0.005033971728309955 0.01243729591165136 3.559292463453675e-05 0.64783674 2.81696065 0.0 0.0 0
1 0.05003260653477687 0.005033965344261087 0.012537361124513723 3.559208242723012e-05 0.65306122 2.81434265 0.0 0.0 0
1 0.05003248812008832 0.005033958790764787 0.012637426100531032 3.559079632774512e-05 0.65828571 2.81172465 0.0 0.0 0
1 0.05003194455328025 0.005033952369263484 0.012737489989420245 3.558929252051221e-05 0.6635102 2.80910665 0.0 0.0 0
1 0.05003158343855595 0.005033946271943976 0.012837553156099484 3.5587736086064914e-05 0.66873469 2.80648865 0.0 0.0 0
1 0.0500318913708212 0.005033940563614462 0.012937616938666699 3.55862120885609e-05 0.67395918 2.80387065 0.0 0.0 0
1 0.050033016798657494 0.005033935208664135 0.013037682972109846 3.5584736161909586e-05 0.67918367 2.80125265 0.0 0.0 0
1 0.05003475374065334 0.005033930119085352 0.013137752479451146 3.558328112625821e-05 0.68440816 2.79863465 0.0 0.0 0
1 0.05003668700435799 0.0050339251975840636 0.013237825853327936 3.558180352573629e-05 0.68963265 2.79601665 0.0 0.0 0
1 0.05003838608424198 0.005033920361146934 0.013337902625367649 3.5580259900358215e-05 0.69485714 2.79339865 0.0 0.0 0
1 0.05003954632692015 0.005033915544105988 0.013437981717891973 3.5578610658479015e-05 0.70008163 2.79078065 0.0 0.0 0
1 0.05004002659212631 0.0050339106877691575 0.013538061770942283 3.557681457442369e-05 0.70530612 2.78816265 0.0 0.0 0
1 0.05003980990786903 0.005033905725753106 0.013638141390615107 3.557481865133403e-05 0.71053061 2.78554465 0.0 0.0 0
1 0.0500389738508952 0.005033900573564946 0.013738219338158525 3.557254830908036e-05 0.7157551 2.78292665 0.0 0.0 0
1 0.050037715775440285 0.005033895129750905 0.01383829476952638 3.556990301027121e-05 0.72097959 2.78030865 0.0 0.0 0
1 0.05003637876825976 0.005033889293143326 0.013938367526843399 3.5566762018481875e-05 0.72620408 2.77769065 0.0 0.0 0
1 0.0500353671669846 0.005033882993993962 0.014038438260908476 3.556300203696009e-05 0.73142857 2.77507265 0.0 0.0 0
1 0.05003492763607498 0.005033876227670805 0.014138508115851626 3.555852290728113e-05 0.73665306 2.77245465 0.0 0.0 0
1 0.050034941653059446 0.005033869074022933 0.014238577998764292 3.5553272088694284e-05 0.74187755 2.76983665 0.0 0.0 0
1 0.05003494194310453 0.0050338616888018295 0.0143386478821972 3.554725694342537e-05 0.74710204 2.76721865 0.0 0.0 0
1 0.05003441179016352 0.005033854266614176 0.014438716705276737 3.554053846295729e-05 0.75232653 2.76460065 0.0 0.0 0
1 0.05003316239339296 0.0050338469903907735 0.014538783029530551 3.5533208943122895e-05 0.75755102 2.76198265 0.0 0.0 0
1 0.05003149188802234 0.005033839989629321 0.014638846012754158 3.552536378801546e-05 0.76277551 2.75936465 0.0 0.0 0
1 0.05002991117801869 0.005033833323198761 0.014738905834545114 3.55170787134398e-05 0.768 2.75674665 0.0 0.0 0
1 0.050028633874008584 0.005033826987607169 0.014838963101715948 3.550839752076025e-05 0.77322449 2.75412865 0.0 0.0 0
1 0.05002708129230344 0.005033820940043958 0.014939017263707055 3.5499331586156536e-05 0.77844898 2.75151065 0.0 0.0 0
1 0.05002377703560602 0.005033815121403657 0.015039064817161172 3.548986474464716e-05 0.78367347 2.74889265 0.0 0.0 0
1 0.05001677336624977 0.005033809471570644 0.015139098363243848 3.547996081760204e-05 0.78889796 2.74627465 0.0 0.0 0
1 0.05000462517691456 0.00503380393764841 0.015239107612905126 3.546957338796262e-05 0.79412245 2.74365665 0.0 0.0 0
1 0.04998781746010966 0.005033798481754034 0.015339083247080833 3.545866012778799e-05 0.79934694 2.74103865 0.0 0.0 0
1 0.04997003460468755 0.0050337930937274875 0.0154390233154881 3.5447201734331356e-05 0.80457143 2.73842065 0.0 0.0 0
1 0.04995819107658943 0.00503378780678097 0.015538939696782888 3.543521913182388e-05 0.80979592 2.73580265 0.0 0.0 0
1 0.049960277616843886 0.0050337827059284005 0.015638860251111775 3.542277736050157e-05 0.81502041 2.73318465 0.0 0.0 0
1 0.04998131386460076 0.0050337779172436505 0.01573882287790548 3.5409967302176196e-05 0.8202449 2.73056665 0.0 0.0 0
1 0.05001948052914397 0.005033773574491578 0.01583886183801195 3.539686849361213e-05 0.82546939 2.72794865 0.0 0.0 0
1 0.050065275249395864 0.005033769774654908 0.01593899238754758 3.5383510158628066e-05 0.83069388 2.72533065 0.0 0.0 0
1 0.050105080104460104 0.005033766544577906 0.016039202546773632 3.5369851711888537e-05 0.83591837 2.72271265 0.0 0.0 0
1 0.05012748030092023 0.005033763837340585 0.016139457506353243 3.535579333925013e-05 0.84114286 2.72009465 0.0 0.0 0
1 0.05012847375087105 0.00503376156017673 0.01623971445276839 3.534120938587259e-05 0.84636735 2.71747665 0.0 0.0 0
1 0.05011240312531837 0.005033759617792658 0.01633993925784398 3.532598555952911e-05 0.85159184 2.71485865 0.0 0.0 0
1 0.05008850552385048 0.005033757948541943 0.01644011626760913 3.531004258821002e-05 0.85681633 2.71224065 0.0 0.0 0
1 0.05006582283634962 0.00503375653897783 0.01654024791187888 3.529334011722167e-05 0.86204082 2.70962265 0.0 0.0 0
1 0.05004966410171564 0.005033755416873187 0.01664034723855079 3.527586587763006e-05 0.86726531 2.70700465 0.0 0.0 0
1 0.050041003102592886 0.005033754633141309 0.0167404292430897 3.52576199374722e-05 0.8724898 2.70438665 0.0 0.0 0
1 0.050038033418059465 0.005033754244324712 0.016840505308118016 3.5238601943558506e-05 0.87771429 2.70176865 0.0 0.0 0
1 0.05003820599222295 0.005033754302091652 0.01694058171814424 3.5218804473548914e-05 0.88293878 2.69915065 0.0 0.0 0
1 0.050039549276683463 0.005033754850084755 0.017040660814577464 3.519821164304046e-05 0.88816327 2.69653265 0.0 0.0 0
1 0.0500410279836934 0.005033755925174888 0.017140742868248758 3.517680044646882e-05 0.89338776 2.69391465 0.0 0.0 0
1 0.05004234239099761 0.0050337575601956735 0.017240827550542494 3.515454286514351e-05 0.89861225 2.69129665 0.0 0.0 0
1 0.05004353752401019 0.005033759786449191 0.017340914622891966 3.513140797329205e-05 0.90383674 2.68867865 0.0 0.0 0
1 0.050044718587754694 0.005033762635043079 0.017441004057138575 3.510736240299651e-05 0.90906123 2.68606065 0.0 0.0 0
1 0.05004586023973587 0.005033766137791418 0.017541095774436827 3.5082371228452696e-05 0.91428572 2.68344265 0.0 0.0 0
1 0.05004677216435299 0.005033770327458459 0.01764118931530796 3.505639800569071e-05 0.9195102 2.68082465 0.0 0.0 0
1 0.05004719690013614 0.005033775237970532 0.01774128370534806 3.502940484935167e-05 0.92473469 2.67820665 0.0 0.0 0
1 0.05004694755512564 0.005033780904543609 0.01784137759636692 3.500135245719952e-05 0.92995918 2.67558865 0.0 0.0 0
1 0.050046053596491974 0.0050337873637551645 0.017941469699106094 3.497220008478038e-05 0.93518367 2.67297065 0.0 0.0 0
1 0.050044816133285326 0.005033794653593425 0.018041559326522492 3.494190549509759e-05 0.94040816 2.67035265 0.0 0.0 0
1 0.05004371955620048 0.005033802813486383 0.018141646760351453 3.491042488786125e-05 0.94563265 2.66773465 0.0 0.0 0
1 0.0500432403427058 0.005033811884320607 0.018241733235280045 3.4877712819816585e-05 0.95085714 2.66511665 0.0 0.0 0
1 0.05004367090792429 0.005033821908466285 0.01834182057082212 3.484372213155043e-05 0.95608163 2.66249865 0.0 0.0 0
1 0.050045052853672924 0.0050338329298194925 0.018441910669691385 3.480840388895892e-05 0.96130612 2.65988065 0.0 0.0 0
1 0.05004721126948975 0.005033844993859371 0.018542005084776443 3.4771707150917355e-05 0.96653061 2.65726265 0.0 0.0 0
1 0.050049809417297905 0.005033858147554209 0.018642104695486335 3.473358183528466e-05 0.9717551 2.65464465 0.0 0.0 0
1 0.050052366428293936 0.005033872438451823 0.018742209419496662 3.469399805337591e-05 0.97697959 2.65202665 0.0 0.0 0
1 0.05005428293702786 0.005033887911600152 0.01884231797578541 3.465301361689836e-05 0.98220408 2.64940865 0.0 0.0 0
1 0.050054922098095256 0.005033904604327694 0.018942427809714574 3.461085897657099e-05 0.98742857 2.64679065 0.0 0.0 0
1 0.05005377636548708 0.0050339225293647 0.019042535351783955 3.456827605979434e-05 0.99265306 2.64417265 0.0 0.0 0
1 0.05005064718046801 0.005033941640515921 0.019142636635882965 3.452717584279323e-05 0.99787755 2.64155465 0.0 0.0 0
1 0.050045634674475946 0.005033961773763962 0.0192427278969233 3.4491709068171575e-05 1.00310204 2.63893665 0.0 0.0 0
1 0.05003898846882428 0.005033982560649552 0.019342805869297267 3.446976928546145e-05 1.00832653 2.63631865 0.0 0.0 0
1 0.05003095704709289 0.005034003336502013 0.019442867781131048 3.44743217317172e-05 1.01355102 2.63370065 0.0 0.0 0
1 0.050021975724024316 0.005034023087897493 0.01954291171848458 3.4523617007368274e-05 1.01877551 2.63108265 0.0 0.0 0
1 0.05001313364111961 0.005034040505291189 0.01964293791767512 3.4639023016397644e-05 1.024 2.62846465 0.0 0.0 0
1 0.05000659134403633 0.005034054180806667 0.019742950897344628 3.484007525932717e-05 1.02922449 2.62584665 0.0 0.0 0
1 0.05000534811779858 0.005034062926508082 0.01984296114980173 3.513788141944159e-05 1.03444898 2.62322865 0.0 0.0 0
1 0.05001216608557458 0.005034066103917686 0.019942984714628798 3.552966640334887e-05 1.03967347 2.62061065 0.0 0.0 0
1 0.05002811134545879 0.005034063817668727 0.02004303984393876 3.5997419237513684e-05 1.04489796 2.61799265 0.0 0.0 0
1 0.20099175200484895 0.005034056876867936 0.02009320171012318 0.00012322173223281853 1.05012864 2.61799265 0.0 0.0 0
1 0.20106812389242792 0.005034046544917822 0.020143417458608752 0.00021044910691346124 1.05535933 2.61799265 0.0 0.0 0
1 0.20108873275849595 0.00503403419836609 0.020193683831430016 0.0002976692753448674 1.06059001 2.61799265 0.0 0.0 0
1 0.20105790394169168 0.0050340210389310525 0.020243988196079667 0.00038483966791722033 1.06582069 2.61799265 0.0 0.0 0
1 0.20098440400153267 0.0050340079396043545 0.020294312162642453 0.0004719663091554758 1.07105138 2.61799265 0.0 0.0 0
1 0.2008796633559626 0.0050339954247924455 0.02034463608061211 0.000559022373508025 1.07628206 2.61799265 0.0 0.0 0
1 0.20075468962732834 0.005033983732066056 0.020394932828514362 0.0006460261298033434 1.08151274 2.61799265 0.0 0.0 0
1 0.20062048245512562 0.005033972903147902 0.02044521004618882 0.000732959331929477 1.08674342 2.61799265 0.0 0.0 0
1 0.20048650251379774 0.00503396286954112 0.020495450746022825 0.0008198462070152712 1.09197411 2.61799265 0.0 0.0 0
1 0.20036087223720223 0.005033953519140932 0.02054565276356106 0.0009066727779469588 1.09720479 2.61799265 0.0 0.0 0
1 0.20024924960254192 0.005033944736799046 0.020595817648428136 0.0009934662907427503 1.10243547 2.61799265 0.0 0.0 0
1 0.20015547714880283 0.005033936421032916 0.02064594947123782 0.001080214681154012 1.10766616 2.61799265 0.0 0.0 0
1 0.20008126833782316 0.005033928483057213 0.020696053774184393 0.0011669460766618278 1.11289684 2.61799265 0.0 0.0 0
1 0.2000268733673269 0.005033920840204985 0.02074613673994432 0.001253648347406305 1.11812752 2.61799265 0.0 0.0 0
1 0.19999089311944407 0.005033913414646918 0.020796204512184845 0.0013403485949125612 1.12335821 2.61799265 0.0 0.0 0
1 0.1999707122961159 0.005033906136656773 0.020846262619377914 0.0014270327583497946 1.12858889 2.61799265 0.0 0.0 0
1 0.1999629209117296 0.005033898948670746 0.020896315592363927 0.001513725381147827 1.13381957 2.61799265 0.0 0.0 0
1 0.19996376635079577 0.005033891809373254 0.02094636675754568 0.0016004095381884481 1.13905026 2.61799265 0.0 0.0 0
1 0.19996989185455316 0.005033884691863827 0.020996418284925537 0.0016871070251991973 1.14428094 2.61799265 0.0 0.0 0
1 0.1999785931150955 0.005033877581297947 0.021046471371811235 0.0017737986428342468 1.14951162 2.61799265 0.0 0.0 0
1 0.19998814670512471 0.005033870469868711 0.02109651655282323 0.0018605045729203381 1.15474231 2.61799265 0.0 0.0 0
1 0.19999762311720434 0.005033863354329675 0.021146573975596848 0.0019472046867819392 1.15997299 2.61799265 0.0 0.0 0
1 0.20000677290917918 0.005033856233316591 0.02119663363555803 0.00203391879788439 1.16520367 2.61799265 0.0 0.0 0
1 0.20001575502704808 0.005033849106387369 0.021246695523779682 0.0021206268140575462 1.17043435 2.61799265 0.0 0.0 0
1 0.200024914125566 0.005033841973238807 0.021296759698073434 0.0022073488055320066 1.17566504 2.61799265 0.0 0.0 0
1 0.20003461231769917 0.005033834834017734 0.021346826298776943 0.0022940750022620343 1.18089572 2.61799265 0.0 0.0 0
1 0.20004505748815457 0.005033827688550725 0.02139689551559578 0.0023807957244043987 1.1861264 2.61799265 0.0 0.0 0
1 0.20005614283109605 0.005033820537018719 0.021446967512679476 0.0024675312514775 1.19135709 2.61799265 0.0 0.0 0
1 0.2000673674277136 0.005033813379257154 0.021497042324188934 0.0025542616389080297 1.19658777 2.61799265 0.0 0.0 0
1 0.2000777540170047 0.005033806215447173 0.021547119744380137 0.002641006527527153 1.20181845 2.61799265 0.0 0.0 0
1 0.20008598593868548 0.005033799045423777 0.02159719923129058 0.0027277449773124105 1.20704914 2.61799265 0.0 0.0 0
1 0.2000905305043691 0.0050337918693682815 0.0216472798657065 0.0028144953957840836 1.21227982 2.61799265 0.0 0.0 0
1 0.20009002206364304 0.005033784687115323 0.021697360378780967 0.0029012355860357788 1.2175105 2.61799265 0.0 0.0 0
1 0.2000834927402548 0.005033777498846532 0.02174743926671827 0.0029879829445817897 1.22274119 2.61799265 0.0 0.0 0
1 0.20007076944048444 0.005033770304396345 0.021797504974077307 0.0030747147789158265 1.22797187 2.61799265 0.0 0.0 0
1 0.20005251502405313 0.0050337631039468235 0.02184757612075622 0.0031614486998765155 1.23320255 2.61799265 0.0 0.0 0
1 0.20003034425745886 0.005033755897332255 0.02189764172293612 0.003248163004519915 1.23843324 2.61799265 0.0 0.0 0
1 0.20000649787199673 0.005033748684735102 0.021947701362256076 0.0033348769685464324 1.24366392 2.61799265 0.0 0.0 0
1 0.19998354819802588 0.005033741465989387 0.021997755262992164 0.003421570980393875 1.2488946 2.61799265 0.0 0.0 0
1 0.19996393876243804 0.005033734241277817 0.02204780426071959 0.0035082664865944743 1.25412528 2.61799265 0.0 0.0 0
1 0.19994958429543677 0.0050337270104339965 0.02209784967270923 0.003594945767919174 1.25935597 2.61799265 0.0 0.0 0
1 0.1999416353079894 0.005033719773640744 0.022147893100476376 0.0036816315971853666 1.26458665 2.61799265 0.0 0.0 0
1 0.19994034494362042 0.005033712530731161 0.022197936213495858 0.0037683068653750294 1.26981733 2.61799265 0.0 0.0 0
1 0.1999452293390554 0.005033705281888142 0.022247980554808106 0.0038549942447738345 1.27504802 2.61799265 0.0 0.0 0
1 0.19995523427341863 0.0050336980269442885 0.02229802740822098 0.003941675959638222 1.2802787 2.61799265 0.0 0.0 0
1 0.19996908857571166 0.0050336907660825944 0.022348077734644527 0.004028373675619913 1.28550938 2.61799265 0.0 0.0 0
1 0.19998550985844188 0.005033683499135192 0.022398132176953932 0.00411506850864603 1.29074007 2.61799265 0.0 0.0 0
1 0.2000034026399914 0.005033676226285212 0.022448191101440532 0.004201781096147748 1.29597075 2.61799265 0.0 0.0 0
1 0.2000218563144801 0.005033668947364371 0.022498244646459442 0.004288491681511274 1.30120143 2.61799265 0.0 0.0 0
1 0.20004004500035746 0.005033661662556013 0.022548312745646816 0.004375220153507387 1.30643212 2.61799265 0.0 0.0 0
1 0.20005709916880188 0.0050336543716915615 0.022598385112621574 0.004461956019840565 1.3116628 2.61799265 0.0 0.0 0
1 0.20007197099313268 0.005033647074954728 0.022648461198359584 0.004548688332492209 1.31689348 2.61799265 0.0 0.0 0
1 0.20008339778984227 0.0050336397721768055 0.022698540142592195 0.004635435603643744 1.32212416 2.61799265 0.0 0.0 0
1 0.20009010347948192 0.005033632463542016 0.022748620759830064 0.004722175780804286 1.32735485 2.61799265 0.0 0.0 0
1 0.20009092276241558 0.005033625148881618 0.022798701580533345 0.004808926318465073 1.33258553 2.61799265 0.0 0.0 0
1 0.2000852257845605 0.005033617828380355 0.022848780970633777 0.004895664384752607 1.33781621 2.61799265 0.0 0.0 0
1 0.20007307928734455 0.005033610501869382 0.022898857320351643 0.00498240718912376 1.3430469 2.61799265 0.0 0.0 0
1 0.20005555717068046 0.005033603169533823 0.022948929282555784 0.0050691323951297705 1.34827758 2.61799265 0.0 0.0 0
1 0.20003471601893705 0.005033595831204541 0.022998996030111872 0.005155858567009989 1.35350826 2.61799265 0.0 0.0 0
1 0.20001353575987796 0.005033588487066857 0.02304905747809132 0.0052425655545772195 1.35873895 2.61799265 0.0 0.0 0
1 0.1999956475855732 0.005033581136951207 0.02309911445196598 0.005329274785365487 1.36396963 2.61799265 0.0 0.0 0
1 0.1999849200745654 0.005033573781043053 0.023149158744990603 0.00541596936388465 1.36920031 2.61799265 0.0 0.0 0
1 0.19998513396310158 0.005033566419172431 0.023199213095017338 0.005502674032038892 1.374431 2.61799265 0.0 0.0 0
1 0.1999995243393334 0.005033559051525034 0.02324927105078538 0.005589374937081091 1.37966168 2.61799265 0.0 0.0 0
1 0.20003063135197885 0.0050335516779306195 0.02329933679571421 0.005676099326640744 1.38489236 2.61799265 0.0 0.0 0
1 0.200080006443796 0.005033544298575201 0.02334941489995046 0.005762835118481856 1.39012305 2.61799265 0.0 0.0 0
1 0.20014796927142378 0.005033536913288288 0.023399510018491127 0.005849610377626567 1.39535373 2.61799265 0.0 0.0 0
1 0.20023321533682117 0.005033529522256179 0.02344962647003393 0.005936412586029788 1.40058441 2.61799265 0.0 0.0 0
1 0.20033202170701012 0.005033522125308048 0.02349976765828102 0.006023267640309562 1.40581509 2.61799265 0.0 0.0 0
1 0.2004379284592823 0.005033514722630374 0.023549935346059533 0.006110158593847743 1.41104578 2.61799265 0.0 0.0 0
1 0.20054098937920958 0.005033507314051903 0.02360012884017676 0.006197104245332739 1.41627646 2.61799265 0.0 0.0 0
1 0.20062877158332462 0.00503349989975923 0.02365034429398553 0.006284077930521386 1.42150714 2.61799265 0.0 0.0 0
1 0.20068690493048355 0.005033492479580671 0.023700574314080035 0.00637108684177928 1.42673783 2.61799265 0.0 0.0 0
1 0.20070214743017262 0.005033485053702978 0.023750808136769316 0.006458092333718826 1.43196851 2.61799265 0.0 0.0 0
1 0.20066414516484618 0.005033477621954115 0.023801032465452007 0.006545091374386415 1.43719919 2.61799265 0.0 0.0 0
1 0.20056904555726848 0.005033470184521117 0.023851222986369724 0.006632049170477472 1.44242988 2.61799265 0.0 0.0 0
1 0.20042048149320874 0.005033462741231755 0.023901386322402927 0.006718932551958934 1.44766056 2.61799265 0.0 0.0 0
1 0.20023037920631365 0.00503345529227351 0.02395150208697175 0.006805743529060042 1.45289124 2.61799265 0.0 0.0 0
1 0.200017537579537 0.005033447837474111 0.02400156457842286 0.0068924522272634965 1.45812193 2.61799265 0.0 0.0 0
1 0.19980446996607343 0.005033440377021591 0.024051573740389135 0.006979078549979907 1.46335261 2.61799265 0.0 0.0 0
1 0.19961363830326842 0.005033432910743661 0.02410153514630231 0.0070656121518114234 1.46858329 2.61799265 0.0 0.0 0
1 0.19946370313083037 0.005033425438828825 0.02415145901580607 0.007152090734212536 1.47381397 2.61799265 0.0 0.0 0
1 0.19936620715835862 0.0050334179611045944 0.024201358496983787 0.007238517070438034 1.47904466 2.61799265 0.0 0.0 0
1 0.19932480154438617 0.005033410477759686 0.024251247602469196 0.007324935430295083 1.48427534 2.61799265 0.0 0.0 0
1 0.1993349073336431 0.005033402988621121 0.02430113925470571 0.007411348194924912 1.48950602 2.61799265 0.0 0.0 0
1 0.19938643051647495 0.005033395493877557 0.02435104379266249 0.007497793270131144 1.49473671 2.61799265 0.0 0.0 0
1 0.1994656740613405 0.00503338799335534 0.02440096818179908 0.00758426271867934 1.49996739 2.61799265 0.0 0.0 0
1 0.19955896147205712 0.005033380487243005 0.02445091591495929 0.007670782588500567 1.50519807 2.61799265 0.0 0.0 0
1 0.19965420026157676 0.005033372975366301 0.024500887500302604 0.00775733375847995 1.51042876 2.61799265 0.0 0.0 0
1 0.1997427312061708 0.005033365457913873 0.024550871247245316 0.007843933299516295 1.51565944 2.61799265 0.0 0.0 0
1 0.19981919617586535 0.005033357934711225 0.02460088414086793 0.00793055598956453 1.52089012 2.61799265 0.0 0.0 0
1 0.19988130561633943 0.005033350405947503 0.02465091258287294 0.008017215596617467 1.52612081 2.61799265 0.0 0.0 0
1 0.19992890261501992 0.005033342871448334 0.024700952945704634 0.008103885838813144 1.53135149 2.61799265 0.0 0.0 0
1 0.1999633396326354 0.005033335331403635 0.024751001931485217 0.008190581005558263 1.53658217 2.61799265 0.0 0.0 0
1 0.19998671123408243 0.005033327785639259 0.024801056771550038 0.008277276303323061 1.54181286 2.61799265 0.0 0.0 0
1 0.20000152574906974 0.005033320234345793 0.024851115322571424 0.008363988021469251 1.54704354 2.61799265 0.0 0.0 0
1 0.2000102035227146 0.005033312677349035 0.024901176047923065 0.008450693500157003 1.55227422 2.61799265 0.0 0.0 0
1 0.2000148901035368 0.005033305114839847 0.024951237948456478 0.008537411009869865 1.5575049 2.61799265 0.0 0.0 0
1 0.20001719156629708 0.005033297546643529 0.025001300426650427 0.008624129516455192 1.56273559 2.61799265 0.0 0.0 0
1 0.20001822896724977 0.005033289972950801 0.025051363165706268 0.008710838471322157 1.56796627 2.61799265 0.0 0.0 0
1 0.20001864189722615 0.005033282393586189 0.025101426010008702 0.008797557604913256 1.57319695 2.61799265 0.0 0.0 0
1 0.20001879579385606 0.005033274808740174 0.025151488894204103 0.008884266803614722 1.57842764 2.61799265 0.0 0.0 0
1 0.20001884041126197 0.005033267218236594 0.02520155179174277 0.00897098602122225 1.58365832 2.61799265 0.0 0.0 0
1 0.2000188562738104 0.005033259622265946 0.025251604694505367 0.009057695243407174 1.588889 2.61799265 0.0 0.0 0
1 0.20001885448397524 0.00503325202065174 0.025301667599347148 0.009144414464932355 1.59411969 2.61799265 0.0 0.0 0
1 0.20001885449705792 0.0050332444135848635 0.02535173050554536 0.009231123684859517 1.59935037 2.61799265 0.0 0.0 0
1 0.20001885184570212 0.0050332368008888006 0.02540179341280935 0.009317842903460338 1.60458105 2.61799265 0.0 0.0 0
1 0.2000188518622572 0.005033229182754998 0.02545185632078907 0.009404552120834993 1.60981174 2.61799265 0.0 0.0 0
1 0.2000188483398884 0.00503322155900692 0.025501919228932406 0.009491271336900671 1.61504242 2.61799265 0.0 0.0 0
1 0.20001884652680255 0.005033213929836417 0.025551982136753772 0.009577980551281815 1.6202731 2.61799265 0.0 0.0 0
1 0.2000188403324714 0.005033206295066691 0.025602045043724455 0.009664699763394822 1.62550379 2.61799265 0.0 0.0 0
1 0.20001883519498348 0.005033198654889722 0.02565210794951086 0.009751408972399955 1.63073447 2.61799265 0.0 0.0 0
1 0.2000188252934409 0.005033191009128213 0.025702170853818693 0.009838128177355975 1.63596515 2.61799265 0.0 0.0 0
1 0.20001881632425278 0.005033183357974138 0.025752233756566878 0.009924837377206746 1.64119583 2.61799265 0.0 0.0 0
1 0.20001880276483397 0.005033175701249689 0.025802296657695865 0.010011556570974328 1.64642652 2.61799265 0.0 0.0 0
1 0.2000187905567023 0.005033168039146959 0.025852359557314433 0.010098265757737047 1.6516572 2.61799265 0.0 0.0 0
1 0.20001877569059512 0.005033160371487877 0.025902412455508932 0.010184984936797937 1.65688788 2.61799265 0.0 0.0 0
1 0.20001876027837465 0.005033152698464968 0.025952475352482386 0.01027169410758557 1.66211857 2.61799265 0.0 0.0 0
1 0.2000187428419265 0.005033145019900228 0.026002538248361764 0.0103584132697435 1.66734925 2.61799265 0.0 0.0 0
1 0.20001872781551489 0.0050331373359869 0.026052601143313567 0.010445122422933394 1.67257993 2.61799265 0.0 0.0 0
1 0.20001870944838057 0.005033129646547211 0.026102664037334602 0.010531841566860111 1.67781062 2.61799265 0.0 0.0 0
1 0.200018692951252 0.00503312195177512 0.02615272693034402 0.01061855070101845 1.6830413 2.61799265 0.0 0.0 0
1 0.20001867207171148 0.005033114251492907 0.02620278982197891 0.010705269824716217 1.68827198 2.61799265 0.0 0.0 0
1 0.2000186501486337 0.005033106545894892 0.026252852711703474 0.010791988936843746 1.69350267 2.61799265 0.0 0.0 0
1 0.20001862632413545 0.005033098834802945 0.02630291559865798 0.010878698035985084 1.69873335 2.61799265 0.0 0.0 0
1 0.20001859547957807 0.005033091118411272 0.02635297848182708 0.01096541712029478 1.70396403 2.61799265 0.0 0.0 0
1 0.20001856269683355 0.005033083396540928 0.026403041359961486 0.01105212618775007 1.70919471 2.61799265 0.0 0.0 0
1 0.2000185220044016 0.005033075669385741 0.026453104231793038 0.011138845236131784 1.7144254 2.61799265 0.0 0.0 0
1 0.20001847916304719 0.005033067936765894 0.02650316709598523 0.011225554263352115 1.71965608 2.61799265 0.0 0.0 0
1 0.200018428894406 0.005033060198874983 0.026553229951331157 0.01131227326742796 1.72488676 2.61799265 0.0 0.0 0
1 0.2000183787431381 0.00503305245553265 0.02660328279666757 0.011398982246756973 1.73011745 2.61799265 0.0 0.0 0
1 0.20001831994639813 0.005033044706932716 0.026653345631009344 0.011485701199980363 1.73534813 2.61799265 0.0 0.0 0
1 0.2000182626020236 0.005033036952894773 0.02670340845341334 0.011572410126150404 1.74057881 2.61799265 0.0 0.0 0
1 0.20001820033069254 0.005033029193613321 0.026753471263070667 0.011659129024479528 1.7458095 2.61799265 0.0 0.0 0
1 0.2000181390661713 0.00503302142890824 0.026803534059163785 0.011745837894434081 1.75104018 2.61799265 0.0 0.0 0
1 0.20001807331294505 0.005033013658974867 0.026853596840962293 0.011832556735422767 1.75627086 2.61799265 0.0 0.0 0
1 0.2000180085280197 0.005033005883633324 0.026903659607701493 0.011919265546871345 1.76150155 2.61799265 0.0 0.0 0
1 0.2000179388108666 0.005032998103079547 0.02695372235868215 0.012005984327901544 1.76673223 2.61799265 0.0 0.0 0
1 0.2000178691809727 0.005032990317133543 0.027003785093149164 0.01209269307743739 1.77196291 2.61799265 0.0 0.0 0
1 0.20001779345015905 0.005032982525991431 0.0270538478103704 0.012179411793930454 1.7771936 2.61799265 0.0 0.0 0
1 0.20001771642189525 0.005032974729472715 0.027103910509509308 0.012266120475565603 1.78242428 2.61799265 0.0 0.0 0
1 0.20001763199842462 0.0050329669277734135 0.027153973189706623 0.012352839120104745 1.78765496 2.61799265 0.0 0.0 0
1 0.20001754529043747 0.005032959120712402 0.02720403584999597 0.012439547725252855 1.79288564 2.61799265 0.0 0.0 0
1 0.20001745091685594 0.0050329513084856345 0.027254098489441683 0.012526266288643078 1.79811633 2.61799265 0.0 0.0 0
1 0.20001735608540874 0.005032943490911532 0.02730415110713025 0.01261297480832311 1.80334701 2.61799265 0.0 0.0 0
1 0.2000172528958246 0.005032935668186247 0.02735421370236055 0.012699693282772245 1.80857769 2.61799265 0.0 0.0 0
1 0.20001715211200144 0.005032927840128024 0.02740427627471651 0.012786401711425283 1.81380838 2.61799265 0.0 0.0 0
1 0.2000170496500113 0.005032920006933436 0.027454338824342825 0.012873120094714773 1.81903906 2.61799265 0.0 0.0 0
1 0.20001695368405836 0.005032912168420667 0.02750440135233318 0.012959838435021277 1.82426974 2.61799265 0.0 0.0 0
1 0.20001687082447886 0.005032904324786692 0.027554463861533533 0.013046546737548476 1.82950043 2.61799265 0.0 0.0 0
1 0.20001681459459064 0.005032896475849505 0.027604526359102752 0.013133265015015742 1.83473111 2.61799265 0.0 0.0 0
1 0.20001682293687806 0.00503288862180629 0.027654588860614945 0.013219973294301138 1.83996179 2.61799265 0.0 0.0 0
1 0.20001696245009806 0.005032880762474635 0.0277046513995957 0.013306691633328191 1.84519248 2.61799265 0.0 0.0 0
1 0.20001736018298358 0.005032872898051759 0.02775471404026047 0.013393400142806825 1.85042316 2.61799265 0.0 0.0 0
1 0.20001821907774522 0.0050328650283547535 0.02780477689886426 0.013480119023705895 1.85565384 2.61799265 0.0 0.0 0
1 0.2000198391441144 0.00503285715358085 0.02785484016544995 0.013566828604674131 1.86088452 2.61799265 0.0 0.0 0
1 0.20002261838634547 0.005032849273546704 0.02790490413099277 0.013653549389548741 1.86611521 2.61799265 0.0 0.0 0
1 0.2000270427845317 0.005032841388449682 0.02795495920598976 0.013740262089235084 1.87134589 2.61799265 0.0 0.0 0
1 0.20003363691176917 0.00503283349810616 0.028005025935319918 0.01382698764781302 1.87657657 2.61799265 0.0 0.0 0
1 0.2000429333528359 0.005032825602713811 0.028055094993429987 0.013913707233742497 1.88180726 2.61799265 0.0 0.0 0
1 0.20005533117248595 0.005032817702088895 0.028105167158169214 0.014000442194786019 1.88703794 2.61799265 0.0 0.0 0
1 0.20007099982188828 0.005032809796429512 0.028155243245812783 0.014087173944932934 1.89226862 2.61799265 0.0 0.0 0
1 0.20008962023476795 0.005032801885551869 0.028205323998167046 0.014173923769075811 1.89749931 2.61799265 0.0 0.0 0
1 0.20011028208178838 0.0050327939696544885 0.028255409922634294 0.01426067254549838 1.90272999 2.61799265 0.0 0.0 0
1 0.20013123304989633 0.005032786048553468 0.028305501096637254 0.014347440407435071 1.90796067 2.61799265 0.0 0.0 0
1 0.20015005236121927 0.005032778122447667 0.028355596981724712 0.014434206420739846 1.91319136 2.61799265 0.0 0.0 0
1 0.20016369616817048 0.0050327701911529864 0.02840569628956065 0.014520988352260641 1.91842204 2.61799265 0.0 0.0 0
1 0.20016914724781107 0.005032762254868563 0.028455796963499355 0.014607762637769953 1.92365272 2.61799265 0.0 0.0 0
1 0.2001637803578776 0.005032754313410079 0.028505896303675313 0.014694544599285618 1.92888341 2.61799265 0.0 0.0 0
1 0.2001462166250408 0.005032746366976934 0.028555991250999096 0.014781308936909418 1.93411409 2.61799265 0.0 0.0 0
1 0.20011657824919285 0.00503273841538457 0.028606078789536207 0.014868070426416665 1.93934477 2.61799265 0.0 0.0 0
1 0.20007690573507272 0.005032730458832611 0.028656146401771616 0.014954804707607513 1.94457545 2.61799265 0.0 0.0 0
1 0.20003078661104193 0.0050327224971361845 0.028706212478783133 0.015041528995151224 1.94980614 2.61799265 0.0 0.0 0
1 0.1999829832863669 0.005032714530495062 0.028756266595456506 0.015128232554772284 1.95503682 2.61799265 0.0 0.0 0
1 0.1999385047568839 0.005032706558724022 0.02880630958419084 0.01521490683100105 1.9602675 2.61799265 0.0 0.0 0
1 0.19990181073433017 0.005032698582022992 0.028856343389555977 0.01530157519469248 1.96549819 2.61799265 0.0 0.0 0
1 0.19987600361150828 0.005032690600206476 0.028906370739553367 0.015388222373613774 1.97072887 2.61799265 0.0 0.0 0
1 0.1998625038284862 0.005032682613474688 0.02895639470847066 0.015474873694599763 1.97595955 2.61799265 0.0 0.0 0
1 0.1998608662061984 0.005032674621641997 0.029006418270648787 0.01556151431083522 1.98119024 2.61799265 0.0 0.0 0
1 0.19986925766516533 0.005032666624909004 0.029056443930090634 0.015648168559923542 1.98642092 2.61799265 0.0 0.0 0
1 0.1998848384140112 0.005032658623089974 0.02910647349188802 0.015734819568470695 1.9916516 2.61799265 0.0 0.0 0
1 0.19990455877718757 0.005032650616385825 0.02915650798735716 0.01582148912226352 1.99688229 2.61799265 0.0 0.0 0
1 0.19992556170236592 0.005032642604610553 0.029206547741945883 0.01590815778449837 2.00211297 2.61799265 0.0 0.0 0
1 0.19994567021415405 0.005032634587965172 0.029256592528736216 0.015994845161502357 2.00734365 2.61799265 0.0 0.0 0
1 0.1999634263427113 0.00503262656626319 0.02930664176152693 0.016081530237663892 2.01257434 2.61799265 0.0 0.0 0
1 0.1999781163788871 0.005032618539705563 0.029356684671469308 0.016168231681063714 2.01780502 2.61799265 0.0 0.0 0
1 0.19998956414193717 0.005032610508105276 0.029406740447655573 0.0162549280873227 2.0230357 2.61799265 0.0 0.0 0
1 0.1999979823046243 0.005032602471663307 0.029456798331349798 0.01634163814239154 2.02826638 2.61799265 0.0 0.0 0
1 0.20000379584768965 0.005032594430192302 0.029506857670672227 0.016428340717551237 2.03349707 2.61799265 0.0 0.0 0
1 0.2000075416144534 0.00503258638389349 0.02955691794803036 0.016515054916498753 2.03872775 2.61799265 0.0 0.0 0
1 0.20000976498101952 0.0050325783325793775 0.029606978782013824 0.016601760078937947 2.04395843 2.61799265 0.0 0.0 0
1 0.20001096923276154 0.005032570276451576 0.02965703991783133 0.01668847576362452 2.04918912 2.61799265 0.0 0.0 0
1 0.20001157207124373 0.005032562215322503 0.029707101204512025 0.016775181709215548 2.0544198 2.61799265 0.0 0.0 0
1 0.20001190542716188 0.005032554149394131 0.02975716257507418 0.0168618977995486 2.05965048 2.61799265 0.0 0.0 0
1 0.20001223962015055 0.005032546078478722 0.029807224029344 0.016948604034231547 2.06488117 2.61799265 0.0 0.0 0
1 0.2000128108234915 0.005032538002778534 0.02985728562725718 0.017035320516676656 2.07011185 2.61799265 0.0 0.0 0
1 0.20001386462796567 0.005032529922105622 0.029907347489290036 0.017122027455208598 2.07534253 2.61799265 0.0 0.0 0
1 0.20001565402339605 0.0050325218366625 0.029957409800348694 0.017208745169460474 2.08057322 2.61799265 0.0 0.0 0
1 0.20001845813229246 0.005032513746261026 0.030007472814398365 0.017295464098785254 2.0858039 2.61799265 0.0 0.0 0
1 0.200022548115022 0.005032505651104012 0.030057526852812554 0.017382174799094558 2.09103458 2.61799265 0.0 0.0 0
1 0.20002814648332745 0.005032497551003175 0.030107592294976764 0.0174688979270017 2.09626526 2.61799265 0.0 0.0 0
1 0.20003539365797404 0.005032489446161675 0.030157659552327732 0.01755561419455421 2.10149595 2.61799265 0.0 0.0 0
1 0.2000442167082964 0.005032481336391112 0.030207729020885678 0.017642344287387826 2.10672663 2.61799265 0.0 0.0 0
1 0.20005427878719653 0.005032473221894981 0.03025780100910795 0.017729068739377702 2.11195731 2.61799265 0.0 0.0 0
1 0.20006483727494298 0.005032465102484685 0.030307875643608456 0.017815807769593035 2.117188 2.61799265 0.0 0.0 0
1 0.20007479443853124 0.005032456978363883 0.030357952771415536 0.017902541112508767 2.12241868 2.61799265 0.0 0.0 0
1 0.20008268566353654 0.00503244884934356 0.030408031878868067 0.01798928787771674 2.12764936 2.61799265 0.0 0.0 0
1 0.20008696899526462 0.005032440715627291 0.03045811206005629 0.018076026494786006 2.13288005 2.61799265 0.0 0.0 0
1 0.2000861936128472 0.005032432577025417 0.030508192053148333 0.018162774776477125 2.13811073 2.61799265 0.0 0.0 0
1 0.2000794359911128 0.005032424433741289 0.03055827035822835 0.018249510122559327 2.14334141 2.61799265 0.0 0.0 0
1 0.20006646292623173 0.005032416285584588 0.030608345423908664 0.01833624984355659 2.1485721 2.61799265 0.0 0.0 0
1 0.20004800212622503 0.005032408132758568 0.030658415875008935 0.018422971555022368 2.15380278 2.61799265 0.0 0.0 0
1 0.20002563349761 0.005032399975072528 0.030708470735865856 0.018509693564966723 2.15903346 2.61799265 0.0 0.0 0
1 0.2000016435964328 0.005032391812730027 0.030758529601207906 0.01859639516974219 2.16426415 2.61799265 0.0 0.0 0
1 0.1999786388351002 0.005032383645540461 0.030808582717544886 0.018683096795536383 2.16949483 2.61799265 0.0 0.0 0
1 0.19995910482271195 0.0050323754737081755 0.030858630954632406 0.018769779948666656 2.17472551 2.61799265 0.0 0.0 0
1 0.19994504005243913 0.005032367297043048 0.030908675679265266 0.018856466997275112 2.17995619 2.61799265 0.0 0.0 0
1 0.19993762349779418 0.005032359115750413 0.030958718557333183 0.018943140827998303 2.18518688 2.61799265 0.0 0.0 0
1 0.1999371997999473 0.005032350929640595 0.031008761335618182 0.019029824468188655 2.19041756 2.61799265 0.0 0.0 0
1 0.19994327106194565 0.005032342738919609 0.031058805641693985 0.01911650073880286 2.19564824 2.61799265 0.0 0.0 0
1 0.19995481983827096 0.005032334543397696 0.03110885284313627 0.019203192010734872 2.20087893 2.61799265 0.0 0.0 0
1 0.19997048052840025 0.0050323263432809 0.031158903970275688 0.019289880070569837 2.20610961 2.61799265 0.0 0.0 0
1 0.1999888514906719 0.005032318138378732 0.031208959699241194 0.01937658609149691 2.21134029 2.61799265 0.0 0.0 0
1 0.20000855248023375 0.005032309928896748 0.031259020362836364 0.019463300651783227 2.21657098 2.61799265 0.0 0.0 0
1 0.20002827441037815 0.005032301714643444 0.031309085964903 0.019550013760000023 2.22180166 2.61799265 0.0 0.0 0
1 0.2000466854360463 0.00503229349582389 0.03135915617772594 0.01963674485020241 2.22703234 2.61799265 0.0 0.0 0
1 0.20006240554138394 0.005032285272245841 0.03140922032423847 0.01972347275147046 2.23226303 2.61799265 0.0 0.0 0
1 0.200073965119392 0.0050322770441143605 0.03145929736666528 0.019810215667913283 2.23749371 2.61799265 0.0 0.0 0
1 0.20008003628767543 0.005032268811237049 0.031509375926615686 0.019896951213813373 2.24272439 2.61799265 0.0 0.0 0
1 0.20007955402189498 0.005032260573819519 0.031559454366445375 0.019983696554189623 2.24795507 2.61799265 0.0 0.0 0
1 0.20007208539608823 0.005032252331669638 0.031609530933532484 0.020070428654968043 2.25318576 2.61799265 0.0 0.0 0
1 0.20005794803136492 0.005032244084993778 0.03165960396116936 0.020157164630498582 2.25841644 2.61799265 0.0 0.0 0
1 0.2000383743226173 0.005032235833600035 0.03170967208586412 0.02024388212013003 2.26364712 2.61799265 0.0 0.0 0
1 0.20001534109587152 0.005032227577695289 0.03175973444310856 0.020330599626815233 2.26887781 2.61799265 0.0 0.0 0
1 0.19999134768058158 0.005032219317087483 0.031809790792046135 0.020417296733276705 2.27410849 2.61799265 0.0 0.0 0
1 0.1999689927881486 0.0050322110519835555 0.031859841542728494 0.02050399414887386 2.27933917 2.61799265 0.0 0.0 0
1 0.19995054267472992 0.005032202782190878 0.031909887674411365 0.020590673568536246 2.28456986 2.61799265 0.0 0.0 0
1 0.19993760056803503 0.005032194507916151 0.03195993056425802 0.020677357375976913 2.28980054 2.61799265 0.0 0.0 0
1 0.19993084501019037 0.005032186228966039 0.032009971764048455 0.020764028257605552 2.29503122 2.61799265 0.0 0.0 0
1 0.1999300860616146 0.005032177945547041 0.032060012772170465 0.02085070880761813 2.30026191 2.61799265 0.0 0.0 0
1 0.19993434157522522 0.005032169657465341 0.03211004484762938 0.020937381206453918 2.30549259 2.61799265 0.0 0.0 0
1 0.19994222096505604 0.005032161364927604 0.03216008889290506 0.02102406701767581 2.31072327 2.61799265 0.0 0.0 0
1 0.19995213348955213 0.005032153067739967 0.032210135419638256 0.02111074712876134 2.31595396 2.61799265 0.0 0.0 0
1 0.19996267322406802 0.005032144766109695 0.032260184582012734 0.021197441808272578 2.32118464 2.61799265 0.0 0.0 0
1 0.19997272649591563 0.005032136459843212 0.032310236259300414 0.021284130848662857 2.32641532 2.61799265 0.0 0.0 0
1 0.19998159298120194 0.00503212814914852 0.03236029015285842 0.0213708337333924 2.331646 2.61799265 0.0 0.0 0
1 0.19998891962707835 0.005032119833832241 0.032410345878299815 0.021457529796383556 2.33687669 2.61799265 0.0 0.0 0
1 0.19999464294860617 0.005032111514102803 0.032460403034592675 0.021544238341045477 2.34210737 2.61799265 0.0 0.0 0
1 0.19999887764929677 0.005032103189766532 0.03251046125088228 0.021630948721631918 2.34733805 2.61799265 0.0 0.0 0
1 0.20000185277360683 0.005032094861031717 0.03256052021401425 0.021717650390838287 2.35256874 2.61799265 0.0 0.0 0
1 0.20000385750085822 0.005032086527703886 0.03261057968348724 0.02180436292655526 2.35779942 2.61799265 0.0 0.0 0
1 0.2000052127455195 0.005032078189990829 0.03266063949917252 0.02189106604563863 2.3630301 2.61799265 0.0 0.0 0
1 0.20000624976930292 0.0050320698476971175 0.032710699583696934 0.02197777960913194 2.36826079 2.61799265 0.0 0.0 0
1 0.2000073033359493 0.005032061501030093 0.03276075994263781 0.022064483622949063 2.37349147 2.61799265 0.0 0.0 0
1 0.20000870933394918 0.0050320531497935975 0.03281081066504241 0.022151198239520647 2.37872215 2.61799265 0.0 0.0 0
1 0.20001080687962888 0.005032044794194856 0.03286087192409991 0.022237903758739856 2.38395284 2.61799265 0.0 0.0 0
1 0.20001395241373515 0.005032036434037341 0.03291093398158266 0.022324620635742094 2.38918352 2.61799265 0.0 0.0 0
1 0.2000185109180673 0.0050320280695284785 0.03296099718943506 0.02241132948283998 2.3944142 2.61799265 0.0 0.0 0
1 0.20002483847806718 0.005032019700471592 0.033011061989717046 0.022498051069093077 2.39964489 2.61799265 0.0 0.0 0
1 0.20003323939263049 0.005032011327074417 0.03306112889903405 0.02258476629236519 2.40487557 2.61799265 0.0 0.0 0
1 0.2000438639977821 0.00503200294914013 0.03311119847424886 0.022671496119715924 2.41010625 2.61799265 0.0 0.0 0
1 0.20005662941393107 0.00503199456687671 0.033161271248762995 0.02275822147639813 2.41533693 2.61799265 0.0 0.0 0
1 0.20007107053120932 0.005031986180087124 0.03321134764419096 0.022844963093126364 2.42056762 2.61799265 0.0 0.0 0
1 0.20008634813250184 0.005031977788979564 0.03326142786715623 0.022931701327181777 2.4257983 2.61799265 0.0 0.0 0
1 0.20010117891607845 0.0050319693933568175 0.03331151180990106 0.023018455990940507 2.43102898 2.61799265 0.0 0.0 0
1 0.20011404920152914 0.0050319609934273675 0.03336159897797271 0.02310520622675214 2.43625967 2.61799265 0.0 0.0 0
1 0.20012325809704093 0.005031952588993899 0.03341168846007218 0.02319197045547115 2.44149035 2.61799265 0.0 0.0 0
1 0.20012730305150975 0.005031944180265217 0.03346176895690711 0.023278726426455384 2.44672103 2.61799265 0.0 0.0 0
1 0.2001249112268906 0.005031935767043857 0.03351185886569422 0.02336549136443541 2.45195172 2.61799265 0.0 0.0 0
1 0.20011548179849695 0.005031927349286799 0.03356194641730545 0.023452242206864572 2.4571824 2.61799265 0.0 0.0 0
1 0.20009898068910703 0.005031918926647864 0.03361202984545307 0.023538995897016322 2.46241308 2.61799265 0.0 0.0 0
1 0.20007614616226624 0.005031910498136617 0.03366210756091906 0.023625739685641627 2.46764377 2.61799265 0.0 0.0 0
1 0.20004831941070672 0.005031902061312206 0.03371217831130964 0.0237124614076742 2.47287445 2.61799265 0.0 0.0 0
1 0.20001729552963385 0.005031893610951554 0.0337622412961752 0.023799179681771216 2.47810513 2.61799265 0.0 0.0 0
1 0.19998515306972348 0.005031885137479472 0.033812296232164134 0.023885874023423674 2.48333581 2.61799265 0.0 0.0 0
1 0.19995397471318188 0.005031876626098743 0.03386234335663027 0.023972564851239896 2.4885665 2.61799265 0.0 0.0 0
1 0.1999256609280692 0.005031868058234702 0.03391238338513518 0.02405923341262449 2.49379718 2.61799265 0.0 0.0 0
1 0.19990179893418059 0.005031859416571071 0.03396241742583981 0.024145901633568743 2.49902786 2.61799265 0.0 0.0 0
1 0.19988348185661037 0.00503185069309499 0.03401244686989591 0.024232551925915006 2.50425855 2.61799265 0.0 0.0 0
1 0.19987131262608776 0.0050318418966675 0.03406247325302117 0.024319206945009123 2.50948923 2.61799265 0.0 0.0 0
1 0.19986519889122153 0.005031833055155733 0.03411249810165181 0.024405849322762962 2.51471991 2.61799265 0.0 0.0 0
1 0.19986450192888378 0.005031824209129127 0.03416251277455039 0.02449250139600229 2.5199506 2.61799265 0.0 0.0 0
1 0.19986805332540017 0.005031815399178898 0.034212538344767625 0.02457914500704469 2.52518128 2.61799265 0.0 0.0 0
1 0.19987461132427553 0.005031806653221138 0.03426256556545326 0.02466580144942677 2.53041196 2.61799265 0.0 0.0 0
1 0.19988318188327517 0.005031797980189891 0.03431259494721777 0.024752451604354065 2.53564265 2.61799265 0.0 0.0 0
1 0.19989353282633107 0.005031789372142083 0.034362626928926124 0.024839116235751465 2.54087333 2.61799265 0.0 0.0 0
1 0.1999061387297498 0.0050317808118260764 0.03441266207624215 0.02492577633125143 2.54610401 2.61799265 0.0 0.0 0
1 0.19992212636351805 0.005031772280709789 0.0344627012276744 0.025012453352017235 2.5513347 2.61799265 0.0 0.0 0
1 0.19994264475360238 0.005031763764027493 0.034512745517330586 0.02509912927006396 2.55656538 2.61799265 0.0 0.0 0
1 0.1999683954294196 0.0050317552522172225 0.03456279624984201 0.025185826350824555 2.56179606 2.61799265 0.0 0.0 0
1 0.19999902918105505 0.005031746740066196 0.03461285464716576 0.02527252671461276 2.56702674 2.61799265 0.0 0.0 0
1 0.20003294765896534 0.005031738225133732 0.03466292153043972 0.025359251785837464 2.57225743 2.61799265 0.0 0.0 0
1 0.20006735050267094 0.005031729706432657 0.03471299701925192 0.0254459817723098 2.57748811 2.61799265 0.0 0.0 0
1 0.20009862365432432 0.005031721183613597 0.034763080333375204 0.025532735321894845 2.58271879 2.61799265 0.0 0.0 0
1 0.20012305443719874 0.005031712656635443 0.034813169756999184 0.02561948946057355 2.58794948 2.61799265 0.0 0.0 0
1 0.20013749173800696 0.005031704125296871 0.03486325279358838 0.02570625986087691 2.59318016 2.61799265 0.0 0.0 0
1 0.20014013400263247 0.0050316955898088 0.03491334649365786 0.025793031409635788 2.59841084 2.61799265 0.0 0.0 0
1 0.20013093684702699 0.005031687049969744 0.03496343789128861 0.02587978896473768 2.60364153 2.61799265 0.0 0.0 0
1 0.20011163614018218 0.0050316785059908095 0.03501352446534722 0.025966548154203888 2.60887221 2.61799265 0.0 0.0 0
1 0.20008559070890067 0.005031669957670215 0.035063604524980634 0.026053286044744065 2.61410289 2.61799265 0.0 0.0 0
1 0.2000570241178237 0.00503166140521913 0.03511367744440396 0.02614002154864951 2.61933358 2.61799265 0.0 0.0 0
1 0.20003039260757724 0.0050316528484354054 0.035163743706547096 0.026226735500075864 2.62456426 2.61799265 0.0 0.0 0
1 0.20000955248437075 0.005031644287530014 0.03521380476266407 0.026313450411775217 2.62979494 2.61799265 0.0 0.0 0
1 0.19999725823965842 0.0050316357222979875 0.03526386275100338 0.026400149988061502 2.63502562 2.61799265 0.0 0.0 0
1 0.19999483001661247 0.005031627152944055 0.035313920140113225 0.02648685850642725 2.64025631 2.61799265 0.0 0.0 0
1 0.20000213921430726 0.0050316185792406605 0.03536397936623709 0.02657356018933301 2.64548699 2.61799265 0.0 0.0 0
1 0.20001780219453433 0.0050316100013352945 0.035414042519173114 0.026660278659266894 2.65071767 2.61799265 0.0 0.0 0
1 0.20003959791909323 0.005031601418852885 0.03546411113199286 0.026746996574295114 2.65594836 2.61799265 0.0 0.0 0
1 0.20006492276825155 0.005031592831623987 0.035514186088896074 0.026833735467760196 2.66117904 2.61799265 0.0 0.0 0
1 0.200091460201275 0.005031584238629085 0.03556425768895064 0.02692047585877274 2.66640972 2.61799265 0.0 0.0 0
1 0.20011753243214878 0.005031575638544817 0.03561434582197201 0.02700723755658459 2.67164041 2.61799265 0.0 0.0 0
1 0.20014275435609988 0.0050315670284239175 0.03566444026905673 0.027094000181721967 2.67687109 2.61799265 0.0 0.0 0
1 0.20016795393113881 0.005031558404018525 0.03571454103095823 0.027180783734935182 2.68210177 2.61799265 0.0 0.0 0
1 0.20019546955083933 0.005031549758218358 0.0357646486800894 0.027267569207814306 2.68733246 2.61799265 0.0 0.0 0
1 0.20022857048490075 0.005031541081269129 0.03581476462238248 0.027354379036671494 2.69256314 2.61799265 0.0 0.0 0
1 0.2002711710324842 0.005031532359842239 0.035864891224391265 0.02744119732336599 2.69779382 2.61799265 0.0 0.0 0
1 0.20032655447032044 0.0050315235767930625 0.035915031695144574 0.027528049631398037 2.70302451 2.61799265 0.0 0.0 0
1 0.20039637053044762 0.00503151471306471 0.03596518962978119 0.027614922194835936 2.70825519 2.61799265 0.0 0.0 0
1 0.20047882663491626 0.005031505749249257 0.03601536820462035 0.027701840526010314 2.71348587 2.61799265 0.0 0.0 0
1 0.20056810067334618 0.005031496667382711 0.03606556909704926 0.027788787549606293 2.71871655 2.61799265 0.0 0.0 0
1 0.20065365040460065 0.00503148745471972 0.03611579138406871 0.027875781702277364 2.72394724 2.61799265 0.0 0.0 0
1 0.20072196566984704 0.005031478079330714 0.03616603069936747 0.02796280551402142 2.72917792 2.61799265 0.0 0.0 0
1 0.2007587886736797 0.005031468445577414 0.036216269042330954 0.028049835339620674 2.7344086 2.61799265 0.0 0.0 0
1 0.20075183070189287 0.0050314582373688155 0.036266515284211334 0.028136872415983914 2.73963929 2.61799265 0.0 0.0 0
1 0.20069486012576093 0.0050314467097066174 0.036316746417497034 0.028223875248070074 2.74486997 2.61799265 0.0 0.0 0
1 0.20058691180387817 0.005031432275979037 0.03636694884492291 0.028310842286791274 2.75010065 2.61799265 0.0 0.0 0
1 0.20043218811218838 0.005031412051633478 0.036417109332866196 0.028397734076958413 2.75533134 2.61799265 0.0 0.0 0
1 0.2002362710967964 0.00503138145651804 0.03646721525724272 0.02848455413451718 2.76056202 2.61799265 0.0 0.0 0
1 0.2000047877032923 0.005031334165803586 0.03651725450881505 0.02857126886531778 2.7657927 2.61799265 0.0 0.0 0
1 0.19974415956824487 0.005031262761008291 0.03656721603199416 0.02865788779024802 2.77102339 2.61799265 0.0 0.0 0
1 0.19946623957144138 0.005031160343679017 0.03661709198704413 0.028744385451296272 2.77625407 2.61799265 0.0 0.0 0
1 0.1991936857245682 0.00503102300629231 0.036666881652089575 0.02883078528361594 2.78148475 2.61799265 0.0 0.0 0
1 0.19896027921058768 0.005030852456540497 0.03671659566854857 0.028917083845859917 2.78671544 2.61799265 0.0 0.0 0
1 0.198805298169162 0.005030657553336231 0.036766258087329015 0.029003332481616382 2.79194612 2.61799265 0.0 0.0 0
1 0.1987587994852536 0.00503045354717536 0.036815903899589775 0.029089553866005147 2.7971768 2.61799265 0.0 0.0 0
1 0.19882960486844664 0.00503025871019391 0.03686557178964266 0.029175813392906643 2.80240748 2.61799265 0.0 0.0 0
1 0.19899741050414677 0.005030089463292791 0.03691528457191468 0.02926212837734935 2.80763817 2.61799265 0.0 0.0 0
1 0.19922095897495776 0.005029956103416139 0.03696508148287005 0.029348539798538634 2.81286885 2.61799265 0.0 0.0 0
1 0.19945145751078122 0.00502986099891409 0.037014955586866995 0.029435029993777877 2.81809953 2.61799265 0.0 0.0 0
1 0.19965071503727855 0.005029799732018814 0.037064896823496625 0.029521606623928612 2.82333022 2.61799265 0.0 0.0 0
1 0.19979909960946077 0.005029764135000216 0.037114888324900404 0.0296082300399384 2.8285609 2.61799265 0.0 0.0 0
1 0.1998959936141591 0.0050297455426686994 0.037164912772205703 0.02969490044136906 2.83379158 2.61799265 0.0 0.0 0
1 0.1999520781252064 0.005029736914276929 0.037214956358801364 0.02978158221790319 2.83902227 2.61799265 0.0 0.0 0
1 0.19998214504261752 0.005029733682085988 0.0372650102336066 0.029868285432915247 2.84425295 2.61799265 0.0 0.0 0
