#G(0/1) F(m/min)      X(m)        Y(m)        Z(m)       E(mm)     Rx        Ry          Rz       seg#
0 0.05 0.005 0.0 0.0 0.0 3.14159265 -0.0 0.0 0
1 0.05 0.005 0.0001 0.0 0.00522449 3.13897465 0.0 0.0 0
1 0.05 0.005 0.0002 0.0 0.01044898 3.13635665 0.0 0.0 0
1 0.05 0.005 0.0003 0.0 0.01567347 3.13373865 0.0 0.0 0
1 0.05 0.005 0.0004 0.0 0.02089796 3.13112065 0.0 0.0 0
1 0.05 0.005 0.0005 0.0 0.02612245 3.12850265 0.0 0.0 0
1 0.05 0.005 0.0006 0.0 0.03134694 3.12588465 0.0 0.0 0
1 0.05 0.005 0.0007 0.0 0.03657143 3.12326665 0.0 0.0 0
1 0.05 0.005 0.0008 0.0 0.04179592 3.12064865 0.0 0.0 0
1 0.05 0.005 0.0009 0.0 0.04702041 3.11803065 0.0 0.0 0
1 0.05 0.005 0.001 0.0 0.0522449 3.11541265 0.0 0.0 0
1 0.05 0.005 0.0011 0.0 0.05746939 3.11279465 0.0 0.0 0
1 0.05 0.005 0.0012 0.0 0.06269388 3.11017665 0.0 0.0 0
1 0.05 0.005 0.0013 0.0 0.06791837 3.10755865 0.0 0.0 0
1 0.05 0.005 0.0014 0.0 0.07314286 3.10494065 0.0 0.0 0
1 0.05 0.005 0.0015 0.0 0.07836735 3.10232265 0.0 0.0 0
1 0.05 0.005 0.0016 0.0 0.08359184 3.09970465 0.0 0.0 0
1 0.05 0.005 0.0017 0.0 0.08881633 3.09708665 0.0 0.0 0
1 0.05 0.005 0.0018 0.0 0.09404082 3.09446865 0.0 0.0 0
1 0.05 0.005 0.0019 0.0 0.09926531 3.09185065 0.0 0.0 0
1 0.05 0.005 0.002 0.0 0.1044898 3.08923265 0.0 0.0 0
1 0.05 0.005 0.0021 0.0 0.10971429 3.08661465 0.0 0.0 0
1 0.05 0.005 0.0022 0.0 0.11493878 3.08399665 0.0 0.0 0
1 0.05 0.005 0.0023 0.0 0.12016327 3.08137865 0.0 0.0 0
1 0.05 0.005 0.0024 0.0 0.12538776 3.07876065 0.0 0.0 0
1 0.05 0.005 0.0025 0.0 0.13061225 3.07614265 0.0 0.0 0
1 0.05 0.005 0.0026 0.0 0.13583673 3.07352465 0.0 0.0 0
1 0.05 0.005 0.0027 0.0 0.14106122 3.07090665 0.0 0.0 0
1 0.05 0.005 0.0028 0.0 0.14628571 3.06828865 0.0 0.0 0
1 0.05 0.005 0.0029 0.0 0.1515102 3.06567065 0.0 0.0 0
1 0.05 0.005 0.003 0.0 0.15673469 3.06305265 0.0 0.0 0
1 0.05 0.005 0.0031 0.0 0.16195918 3.06043465 0.0 0.0 0
1 0.05 0.005 0.0032 0.0 0.16718367 3.05781665 0.0 0.0 0
1 0.05 0.005 0.0033 0.0 0.17240816 3.05519865 0.0 0.0 0
1 0.05 0.005 0.0034 0.0 0.17763265 3.05258065 0.0 0.0 0
1 0.05 0.005 0.0035 0.0 0.18285714 3.04996265 0.0 0.0 0
1 0.05 0.005 0.0036 0.0 0.18808163 3.04734465 0.0 0.0 0
1 0.05 0.005 0.0037 0.0 0.19330612 3.04472665 0.0 0.0 0
1 0.05 0.005 0.0038 0.0 0.19853061 3.04210865 0.0 0.0 0
1 0.05 0.005 0.0039 0.0 0.2037551 3.03949065 0.0 0.0 0
1 0.05 0.005 0.004 0.0 0.20897959 3.03687265 0.0 0.0 0
1 0.05 0.005 0.0041 0.0 0.21420408 3.03425465 0.0 0.0 0
1 0.05 0.005 0.0042 0.0 0.21942857 3.03163665 0.0 0.0 0
1 0.05 0.005 0.0043 0.0 0.22465306 3.02901865 0.0 0.0 0
1 0.05 0.005 0.0044 0.0 0.22987755 3.02640065 0.0 0.0 0
1 0.05 0.005 0.0045 0.0 0.23510204 3.02378265 0.0 0.0 0
1 0.05 0.005 0.0046 0.0 0.24032653 3.02116465 0.0 0.0 0
1 0.05 0.005 0.0047 0.0 0.24555102 3.01854665 0.0 0.0 0
1 0.05 0.005 0.0048 0.0 0.25077551 3.01592865 0.0 0.0 0
1 0.05 0.005 0.0049 0.0 0.256 3.01331065 0.0 0.0 0
1 0.05 0.005 0.005 0.0 0.26122449 3.01069265 0.0 0.0 0
1 0.05 0.005 0.0051 0.0 0.26644898 3.00807465 0.0 0.0 0
1 0.05 0.005 0.0052 0.0 0.27167347 3.00545665 0.0 0.0 0
1 0.05 0.005 0.0053 0.0 0.27689796 3.00283865 0.0 0.0 0
1 0.05 0.005 0.0054 0.0 0.28212245 3.00022065 0.0 0.0 0
1 0.05 0.005 0.0055 0.0 0.28734694 2.99760265 0.0 0.0 0
1 0.05 0.005 0.0056 0.0 0.29257143 2.99498465 0.0 0.0 0
1 0.05 0.005 0.0057 0.0 0.29779592 2.99236665 0.0 0.0 0
1 0.05 0.005 0.0058 0.0 0.30302041 2.98974865 0.0 0.0 0
1 0.05 0.005 0.0059 0.0 0.3082449 2.98713065 0.0 0.0 0
1 0.05 0.005 0.006 0.0 0.31346939 2.98451265 0.0 0.0 0
1 0.05 0.005 0.0061 0.0 0.31869388 2.98189465 0.0 0.0 0
1 0.05 0.005 0.0062 0.0 0.32391837 2.97927665 0.0 0.0 0
1 0.05 0.005 0.0063 0.0 0.32914286 2.97665865 0.0 0.0 0
1 0.05 0.005 0.0064 0.0 0.33436735 2.97404065 0.0 0.0 0
1 0.05 0.005 0.0065 0.0 0.33959184 2.97142265 0.0 0.0 0
1 0.05 0.005 0.0066 0.0 0.34481633 2.96880465 0.0 0.0 0
1 0.05 0.005 0.0067 0.0 0.35004082 2.96618665 0.0 0.0 0
1 0.05 0.005 0.0068 0.0 0.35526531 2.96356865 0.0 0.0 0
1 0.05 0.005 0.0069 0.0 0.3604898 2.96095065 0.0 0.0 0
1 0.05 0.005 0.007 0.0 0.36571429 2.95833265 0.0 0.0 0
1 0.05 0.005 0.0071 0.0 0.37093878 2.95571465 0.0 0.0 0
1 0.05 0.005 0.0072 0.0 0.37616327 2.95309665 0.0 0.0 0
1 0.05 0.005 0.0073 0.0 0.38138776 2.95047865 0.0 0.0 0
1 0.05 0.005 0.0074 0.0 0.38661225 2.94786065 0.0 0.0 0
1 0.05 0.005 0.0075 0.0 0.39183673 2.94524265 0.0 0.0 0
1 0.05 0.005 0.0076 0.0 0.39706122 2.94262465 0.0 0.0 0
1 0.05 0.005 0.0077 0.0 0.40228571 2.94000665 0.0 0.0 0
1 0.05 0.005 0.0078 0.0 0.4075102 2.93738865 0.0 0.0 0
1 0.05 0.005 0.0079 0.0 0.41273469 2.93477065 0.0 0.0 0
1 0.05 0.005 0.008 0.0 0.41795918 2.93215265 0.0 0.0 0
1 0.05 0.005 0.0081 0.0 0.42318367 2.92953465 0.0 0.0 0
1 0.05 0.005 0.0082 0.0 0.42840816 2.92691665 0.0 0.0 0
1 0.05 0.005 0.0083 0.0 0.43363265 2.92429865 0.0 0.0 0
1 0.05 0.005 0.0084 0.0 0.43885714 2.92168065 0.0 0.0 0
1 0.05 0.005 0.0085 0.0 0.44408163 2.91906265 0.0 0.0 0
1 0.05 0.005 0.0086 0.0 0.44930612 2.91644465 0.0 0.0 0
1 0.05 0.005 0.0087 0.0 0.45453061 2.91382665 0.0 0.0 0
1 0.05 0.005 0.0088 0.0 0.4597551 2.91120865 0.0 0.0 0
1 0.05 0.005 0.0089 0.0 0.46497959 2.90859065 0.0 0.0 0
1 0.05 0.005 0.009 0.0 0.47020408 2.90597265 0.0 0.0 0
1 0.05 0.005 0.0091 0.0 0.47542857 2.90335465 0.0 0.0 0
1 0.05 0.005 0.0092 0.0 0.48065306 2.90073665 0.0 0.0 0
1 0.05 0.005 0.0093 0.0 0.48587755 2.89811865 0.0 0.0 0
1 0.05 0.005 0.0094 0.0 0.49110204 2.89550065 0.0 0.0 0
1 0.05 0.005 0.0095 0.0 0.49632653 2.89288265 0.0 0.0 0
1 0.05 0.005 0.0096 0.0 0.50155102 2.89026465 0.0 0.0 0
1 0.05 0.005 0.0097 0.0 0.50677551 2.88764665 0.0 0.0 0
1 0.05 0.005 0.0098 0.0 0.512 2.88502865 0.0 0.0 0
1 0.05 0.005 0.0099 0.0 0.51722449 2.88241065 0.0 0.0 0
1 0.05 0.005 0.01 0.0 0.52244898 2.87979265 0.0 0.0 0
1 0.05 0.005 0.0101 0.0 0.52767347 2.87717465 0.0 0.0 0
1 0.05 0.005 0.0102 0.0 0.53289796 2.87455665 0.0 0.0 0
1 0.05 0.005 0.0103 0.0 0.53812245 2.87193865 0.0 0.0 0
1 0.05 0.005 0.0104 0.0 0.54334694 2.86932065 0.0 0.0 0
1 0.05 0.005 0.0105 0.0 0.54857143 2.86670265 0.0 0.0 0
1 0.05 0.005 0.0106 0.0 0.55379592 2.86408465 0.0 0.0 0
1 0.05 0.005 0.0107 0.0 0.55902041 2.86146665 0.0 0.0 0
1 0.05 0.005 0.0108 0.0 0.5642449 2.85884865 0.0 0.0 0
1 0.05 0.005 0.0109 0.0 0.56946939 2.85623065 0.0 0.0 0
1 0.05 0.005 0.011 0.0 0.57469388 2.85361265 0.0 0.0 0
1 0.05 0.005 0.0111 0.0 0.57991837 2.85099465 0.0 0.0 0
1 0.05 0.005 0.0112 0.0 0.58514286 2.84837665 0.0 0.0 0
1 0.05 0.005 0.0113 0.0 0.59036735 2.84575865 0.0 0.0 0
1 0.05 0.005 0.0114 0.0 0.59559184 2.84314065 0.0 0.0 0
1 0.05 0.005 0.0115 0.0 0.60081633 2.84052265 0.0 0.0 0
1 0.05 0.005 0.0116 0.0 0.60604082 2.83790465 0.0 0.0 0
1 0.05 0.005 0.0117 0.0 0.61126531 2.83528665 0.0 0.0 0
1 0.05 0.005 0.0118 0.0 0.6164898 2.83266865 0.0 0.0 0
1 0.05 0.005 0.0119 0.0 0.62171429 2.83005065 0.0 0.0 0
1 0.05 0.005 0.012 0.0 0.62693878 2.82743265 0.0 0.0 0
1 0.05 0.005 0.0121 0.0 0.63216327 2.82481465 0.0 0.0 0
1 0.05 0.005 0.0122 0.0 0.63738776 2.82219665 0.0 0.0 0
1 0.05 0.005 0.0123 0.0 0.64261225 2.81957865 0.0 0.0 0
1 0.05 0.005 0.0124 0.0 0.64783674 2.81696065 0.0 0.0 0
1 0.05 0.005 0.0125 0.0 0.65306122 2.81434265 0.0 0.0 0
1 0.05 0.005 0.0126 0.0 0.65828571 2.81172465 0.0 0.0 0
1 0.05 0.005 0.0127 0.0 0.6635102 2.80910665 0.0 0.0 0
1 0.05 0.005 0.0128 0.0 0.66873469 2.80648865 0.0 0.0 0
1 0.05 0.005 0.0129 0.0 0.67395918 2.80387065 0.0 0.0 0
1 0.05 0.005 0.013 0.0 0.67918367 2.80125265 0.0 0.0 0
1 0.05 0.005 0.0131 0.0 0.68440816 2.79863465 0.0 0.0 0
1 0.05 0.005 0.0132 0.0 0.68963265 2.79601665 0.0 0.0 0
1 0.05 0.005 0.0133 0.0 0.69485714 2.79339865 0.0 0.0 0
1 0.05 0.005 0.0134 0.0 0.70008163 2.79078065 0.0 0.0 0
1 0.05 0.005 0.0135 0.0 0.70530612 2.78816265 0.0 0.0 0
1 0.05 0.005 0.0136 0.0 0.71053061 2.78554465 0.0 0.0 0
1 0.05 0.005 0.0137 0.0 0.7157551 2.78292665 0.0 0.0 0
1 0.05 0.005 0.0138 0.0 0.72097959 2.78030865 0.0 0.0 0
1 0.05 0.005 0.0139 0.0 0.72620408 2.77769065 0.0 0.0 0
1 0.05 0.005 0.014 0.0 0.73142857 2.77507265 0.0 0.0 0
1 0.05 0.005 0.0141 0.0 0.73665306 2.77245465 0.0 0.0 0
1 0.05 0.005 0.0142 0.0 0.74187755 2.76983665 0.0 0.0 0
1 0.05 0.005 0.0143 0.0 0.74710204 2.76721865 0.0 0.0 0
1 0.05 0.005 0.0144 0.0 0.75232653 2.76460065 0.0 0.0 0
1 0.05 0.005 0.0145 0.0 0.75755102 2.76198265 0.0 0.0 0
1 0.05 0.005 0.0146 0.0 0.76277551 2.75936465 0.0 0.0 0
1 0.05 0.005 0.0147 0.0 0.768 2.75674665 0.0 0.0 0
1 0.05 0.005 0.0148 0.0 0.77322449 2.75412865 0.0 0.0 0
1 0.05 0.005 0.0149 0.0 0.77844898 2.75151065 0.0 0.0 0
1 0.05 0.005 0.015 0.0 0.78367347 2.74889265 0.0 0.0 0
1 0.05 0.005 0.0151 0.0 0.78889796 2.74627465 0.0 0.0 0
1 0.05 0.005 0.0152 0.0 0.79412245 2.74365665 0.0 0.0 0
1 0.05 0.005 0.0153 0.0 0.79934694 2.74103865 0.0 0.0 0
1 0.05 0.005 0.0154 0.0 0.80457143 2.73842065 0.0 0.0 0
1 0.05 0.005 0.0155 0.0 0.80979592 2.73580265 0.0 0.0 0
1 0.05 0.005 0.0156 0.0 0.81502041 2.73318465 0.0 0.0 0
1 0.05 0.005 0.0157 0.0 0.8202449 2.73056665 0.0 0.0 0
1 0.05 0.005 0.0158 0.0 0.82546939 2.72794865 0.0 0.0 0
1 0.05 0.005 0.0159 0.0 0.83069388 2.72533065 0.0 0.0 0
1 0.05 0.005 0.016 0.0 0.83591837 2.72271265 0.0 0.0 0
1 0.05 0.005 0.0161 0.0 0.84114286 2.72009465 0.0 0.0 0
1 0.05 0.005 0.0162 0.0 0.84636735 2.71747665 0.0 0.0 0
1 0.05 0.005 0.0163 0.0 0.85159184 2.71485865 0.0 0.0 0
1 0.05 0.005 0.0164 0.0 0.85681633 2.71224065 0.0 0.0 0
1 0.05 0.005 0.0165 0.0 0.86204082 2.70962265 0.0 0.0 0
1 0.05 0.005 0.0166 0.0 0.86726531 2.70700465 0.0 0.0 0
1 0.05 0.005 0.0167 0.0 0.8724898 2.70438665 0.0 0.0 0
1 0.05 0.005 0.0168 0.0 0.87771429 2.70176865 0.0 0.0 0
1 0.05 0.005 0.0169 0.0 0.88293878 2.69915065 0.0 0.0 0
1 0.05 0.005 0.017 0.0 0.88816327 2.69653265 0.0 0.0 0
1 0.05 0.005 0.0171 0.0 0.89338776 2.69391465 0.0 0.0 0
1 0.05 0.005 0.0172 0.0 0.89861225 2.69129665 0.0 0.0 0
1 0.05 0.005 0.0173 0.0 0.90383674 2.68867865 0.0 0.0 0
1 0.05 0.005 0.0174 0.0 0.90906123 2.68606065 0.0 0.0 0
1 0.05 0.005 0.0175 0.0 0.91428572 2.68344265 0.0 0.0 0
1 0.05 0.005 0.0176 0.0 0.9195102 2.68082465 0.0 0.0 0
1 0.05 0.005 0.0177 0.0 0.92473469 2.67820665 0.0 0.0 0
1 0.05 0.005 0.0178 0.0 0.92995918 2.67558865 0.0 0.0 0
1 0.05 0.005 0.0179 0.0 0.93518367 2.67297065 0.0 0.0 0
1 0.05 0.005 0.018 0.0 0.94040816 2.67035265 0.0 0.0 0
1 0.05 0.005 0.0181 0.0 0.94563265 2.66773465 0.0 0.0 0
1 0.05 0.005 0.0182 0.0 0.95085714 2.66511665 0.0 0.0 0
1 0.05 0.005 0.0183 0.0 0.95608163 2.66249865 0.0 0.0 0
1 0.05 0.005 0.0184 0.0 0.96130612 2.65988065 0.0 0.0 0
1 0.05 0.005 0.0185 0.0 0.96653061 2.65726265 0.0 0.0 0
1 0.05 0.005 0.0186 0.0 0.9717551 2.65464465 0.0 0.0 0
1 0.05 0.005 0.0187 0.0 0.97697959 2.65202665 0.0 0.0 0
1 0.05 0.005 0.0188 0.0 0.98220408 2.64940865 0.0 0.0 0
1 0.05 0.005 0.0189 0.0 0.98742857 2.64679065 0.0 0.0 0
1 0.05 0.005 0.019 0.0 0.99265306 2.64417265 0.0 0.0 0
1 0.05 0.005 0.0191 0.0 0.99787755 2.64155465 0.0 0.0 0
1 0.05 0.005 0.0192 0.0 1.00310204 2.63893665 0.0 0.0 0
1 0.05 0.005 0.0193 0.0 1.00832653 2.63631865 0.0 0.0 0
1 0.05 0.005 0.0194 0.0 1.01355102 2.63370065 0.0 0.0 0
1 0.05 0.005 0.0195 0.0 1.01877551 2.63108265 0.0 0.0 0
1 0.05 0.005 0.0196 0.0 1.024 2.62846465 0.0 0.0 0
1 0.05 0.005 0.0197 0.0 1.02922449 2.62584665 0.0 0.0 0
1 0.05 0.005 0.0198 0.0 1.03444898 2.62322865 0.0 0.0 0
1 0.05 0.005 0.0199 0.0 1.03967347 2.62061065 0.0 0.0 0
1 0.05 0.005 0.02 0.0 1.04489796 2.61799265 0.0 0.0 0
1 0.2 0.005 0.02005006 8.671e-05 1.05012864 2.61799265 0.0 0.0 0
1 0.2 0.005 0.02010012 0.00017341 1.05535933 2.61799265 0.0 0.0 0
1 0.2 0.005 0.02015018 0.00026012 1.06059001 2.61799265 0.0 0.0 0
1 0.2 0.005 0.02020024 0.00034682 1.06582069 2.61799265 0.0 0.0 0
1 0.2 0.005 0.0202503 0.00043353 1.07105138 2.61799265 0.0 0.0 0
1 0.2 0.005 0.02030036 0.00052023 1.07628206 2.61799265 0.0 0.0 0
1 0.2 0.005 0.02035041 0.00060694 1.08151274 2.61799265 0.0 0.0 0
1 0.2 0.005 0.02040047 0.00069364 1.08674342 2.61799265 0.0 0.0 0
1 0.2 0.005 0.02045053 0.00078035 1.09197411 2.61799265 0.0 0.0 0
1 0.2 0.005 0.02050059 0.00086705 1.09720479 2.61799265 0.0 0.0 0
1 0.2 0.005 0.02055065 0.00095376 1.10243547 2.61799265 0.0 0.0 0
1 0.2 0.005 0.02060071 0.00104046 1.10766616 2.61799265 0.0 0.0 0
1 0.2 0.005 0.02065077 0.00112717 1.11289684 2.61799265 0.0 0.0 0
1 0.2 0.005 0.02070083 0.00121387 1.11812752 2.61799265 0.0 0.0 0
1 0.2 0.005 0.02075089 0.00130058 1.12335821 2.61799265 0.0 0.0 0
1 0.2 0.005 0.02080095 0.00138728 1.12858889 2.61799265 0.0 0.0 0
1 0.2 0.005 0.02085101 0.00147399 1.13381957 2.61799265 0.0 0.0 0
1 0.2 0.005 0.02090107 0.00156069 1.13905026 2.61799265 0.0 0.0 0
1 0.2 0.005 0.02095113 0.0016474 1.14428094 2.61799265 0.0 0.0 0
1 0.2 0.005 0.02100119 0.0017341 1.14951162 2.61799265 0.0 0.0 0
1 0.2 0.005 0.02105124 0.00182081 1.15474231 2.61799265 0.0 0.0 0
1 0.2 0.005 0.0211013 0.00190751 1.15997299 2.61799265 0.0 0.0 0
1 0.2 0.005 0.02115136 0.00199422 1.16520367 2.61799265 0.0 0.0 0
1 0.2 0.005 0.02120142 0.00208092 1.17043435 2.61799265 0.0 0.0 0
1 0.2 0.005 0.02125148 0.00216763 1.17566504 2.61799265 0.0 0.0 0
1 0.2 0.005 0.02130154 0.00225434 1.18089572 2.61799265 0.0 0.0 0
1 0.2 0.005 0.0213516 0.00234104 1.1861264 2.61799265 0.0 0.0 0
1 0.2 0.005 0.02140166 0.00242775 1.19135709 2.61799265 0.0 0.0 0
1 0.2 0.005 0.02145172 0.00251445 1.19658777 2.61799265 0.0 0.0 0
1 0.2 0.005 0.02150178 0.00260116 1.20181845 2.61799265 0.0 0.0 0
1 0.2 0.005 0.02155184 0.00268786 1.20704914 2.61799265 0.0 0.0 0
1 0.2 0.005 0.0216019 0.00277457 1.21227982 2.61799265 0.0 0.0 0
1 0.2 0.005 0.02165196 0.00286127 1.2175105 2.61799265 0.0 0.0 0
1 0.2 0.005 0.02170202 0.00294798 1.22274119 2.61799265 0.0 0.0 0
1 0.2 0.005 0.02175207 0.00303468 1.22797187 2.61799265 0.0 0.0 0
1 0.2 0.005 0.02180213 0.00312139 1.23320255 2.61799265 0.0 0.0 0
1 0.2 0.005 0.02185219 0.00320809 1.23843324 2.61799265 0.0 0.0 0
1 0.2 0.005 0.02190225 0.0032948 1.24366392 2.61799265 0.0 0.0 0
1 0.2 0.005 0.02195231 0.0033815 1.2488946 2.61799265 0.0 0.0 0
1 0.2 0.005 0.02200237 0.00346821 1.25412528 2.61799265 0.0 0.0 0
1 0.2 0.005 0.02205243 0.00355491 1.25935597 2.61799265 0.0 0.0 0
1 0.2 0.005 0.02210249 0.00364162 1.26458665 2.61799265 0.0 0.0 0
1 0.2 0.005 0.02215255 0.00372832 1.26981733 2.61799265 0.0 0.0 0
1 0.2 0.005 0.02220261 0.00381503 1.27504802 2.61799265 0.0 0.0 0
1 0.2 0.005 0.02225267 0.00390173 1.2802787 2.61799265 0.0 0.0 0
1 0.2 0.005 0.02230273 0.00398844 1.28550938 2.61799265 0.0 0.0 0
1 0.2 0.005 0.02235279 0.00407514 1.29074007 2.61799265 0.0 0.0 0
1 0.2 0.005 0.02240285 0.00416185 1.29597075 2.61799265 0.0 0.0 0
1 0.2 0.005 0.0224529 0.00424855 1.30120143 2.61799265 0.0 0.0 0
1 0.2 0.005 0.02250296 0.00433526 1.30643212 2.61799265 0.0 0.0 0
1 0.2 0.005 0.02255302 0.00442197 1.3116628 2.61799265 0.0 0.0 0
1 0.2 0.005 0.02260308 0.00450867 1.31689348 2.61799265 0.0 0.0 0
1 0.2 0.005 0.02265314 0.00459538 1.32212416 2.61799265 0.0 0.0 0
1 0.2 0.005 0.0227032 0.00468208 1.32735485 2.61799265 0.0 0.0 0
1 0.2 0.005 0.02275326 0.00476879 1.33258553 2.61799265 0.0 0.0 0
1 0.2 0.005 0.02280332 0.00485549 1.33781621 2.61799265 0.0 0.0 0
1 0.2 0.005 0.02285338 0.0049422 1.3430469 2.61799265 0.0 0.0 0
1 0.2 0.005 0.02290344 0.0050289 1.34827758 2.61799265 0.0 0.0 0
1 0.2 0.005 0.0229535 0.00511561 1.35350826 2.61799265 0.0 0.0 0
1 0.2 0.005 0.02300356 0.00520231 1.35873895 2.61799265 0.0 0.0 0
1 0.2 0.005 0.02305362 0.00528902 1.36396963 2.61799265 0.0 0.0 0
1 0.2 0.005 0.02310367 0.00537572 1.36920031 2.61799265 0.0 0.0 0
1 0.2 0.005 0.02315373 0.00546243 1.374431 2.61799265 0.0 0.0 0
1 0.2 0.005 0.02320379 0.00554913 1.37966168 2.61799265 0.0 0.0 0
1 0.2 0.005 0.02325385 0.00563584 1.38489236 2.61799265 0.0 0.0 0
1 0.2 0.005 0.02330391 0.00572254 1.39012305 2.61799265 0.0 0.0 0
1 0.2 0.005 0.02335397 0.00580925 1.39535373 2.61799265 0.0 0.0 0
1 0.2 0.005 0.02340403 0.00589595 1.40058441 2.61799265 0.0 0.0 0
1 0.2 0.005 0.02345409 0.00598266 1.40581509 2.61799265 0.0 0.0 0
1 0.2 0.005 0.02350415 0.00606936 1.41104578 2.61799265 0.0 0.0 0
1 0.2 0.005 0.02355421 0.00615607 1.41627646 2.61799265 0.0 0.0 0
1 0.2 0.005 0.02360427 0.00624277 1.42150714 2.61799265 0.0 0.0 0
1 0.2 0.005 0.02365433 0.00632948 1.42673783 2.61799265 0.0 0.0 0
1 0.2 0.005 0.02370439 0.00641618 1.43196851 2.61799265 0.0 0.0 0
1 0.2 0.005 0.02375445 0.00650289 1.43719919 2.61799265 0.0 0.0 0
1 0.2 0.005 0.0238045 0.0065896 1.44242988 2.61799265 0.0 0.0 0
1 0.2 0.005 0.02385456 0.0066763 1.44766056 2.61799265 0.0 0.0 0
1 0.2 0.005 0.02390462 0.00676301 1.45289124 2.61799265 0.0 0.0 0
1 0.2 0.005 0.02395468 0.00684971 1.45812193 2.61799265 0.0 0.0 0
1 0.2 0.005 0.02400474 0.00693642 1.46335261 2.61799265 0.0 0.0 0
1 0.2 0.005 0.0240548 0.00702312 1.46858329 2.61799265 0.0 0.0 0
1 0.2 0.005 0.02410486 0.00710983 1.47381397 2.61799265 0.0 0.0 0
1 0.2 0.005 0.02415492 0.00719653 1.47904466 2.61799265 0.0 0.0 0
1 0.2 0.005 0.02420498 0.00728324 1.48427534 2.61799265 0.0 0.0 0
1 0.2 0.005 0.02425504 0.00736994 1.48950602 2.61799265 0.0 0.0 0
1 0.2 0.005 0.0243051 0.00745665 1.49473671 2.61799265 0.0 0.0 0
1 0.2 0.005 0.02435516 0.00754335 1.49996739 2.61799265 0.0 0.0 0
1 0.2 0.005 0.02440522 0.00763006 1.50519807 2.61799265 0.0 0.0 0
1 0.2 0.005 0.02445528 0.00771676 1.51042876 2.61799265 0.0 0.0 0
1 0.2 0.005 0.02450533 0.00780347 1.51565944 2.61799265 0.0 0.0 0
1 0.2 0.005 0.02455539 0.00789017 1.52089012 2.61799265 0.0 0.0 0
1 0.2 0.005 0.02460545 0.00797688 1.52612081 2.61799265 0.0 0.0 0
1 0.2 0.005 0.02465551 0.00806358 1.53135149 2.61799265 0.0 0.0 0
1 0.2 0.005 0.02470557 0.00815029 1.53658217 2.61799265 0.0 0.0 0
1 0.2 0.005 0.02475563 0.00823699 1.54181286 2.61799265 0.0 0.0 0
1 0.2 0.005 0.02480569 0.0083237 1.54704354 2.61799265 0.0 0.0 0
1 0.2 0.005 0.02485575 0.0084104 1.55227422 2.61799265 0.0 0.0 0
1 0.2 0.005 0.02490581 0.00849711 1.5575049 2.61799265 0.0 0.0 0
1 0.2 0.005 0.02495587 0.00858382 1.56273559 2.61799265 0.0 0.0 0
1 0.2 0.005 0.02500593 0.00867052 1.56796627 2.61799265 0.0 0.0 0
1 0.2 0.005 0.02505599 0.00875723 1.57319695 2.61799265 0.0 0.0 0
1 0.2 0.005 0.02510605 0.00884393 1.57842764 2.61799265 0.0 0.0 0
1 0.2 0.005 0.02515611 0.00893064 1.58365832 2.61799265 0.0 0.0 0
1 0.2 0.005 0.02520616 0.00901734 1.588889 2.61799265 0.0 0.0 0
1 0.2 0.005 0.02525622 0.00910405 1.59411969 2.61799265 0.0 0.0 0
1 0.2 0.005 0.02530628 0.00919075 1.59935037 2.61799265 0.0 0.0 0
1 0.2 0.005 0.02535634 0.00927746 1.60458105 2.61799265 0.0 0.0 0
1 0.2 0.005 0.0254064 0.00936416 1.60981174 2.61799265 0.0 0.0 0
1 0.2 0.005 0.02545646 0.00945087 1.61504242 2.61799265 0.0 0.0 0
1 0.2 0.005 0.02550652 0.00953757 1.6202731 2.61799265 0.0 0.0 0
1 0.2 0.005 0.02555658 0.00962428 1.62550379 2.61799265 0.0 0.0 0
1 0.2 0.005 0.02560664 0.00971098 1.63073447 2.61799265 0.0 0.0 0
1 0.2 0.005 0.0256567 0.00979769 1.63596515 2.61799265 0.0 0.0 0
1 0.2 0.005 0.02570676 0.00988439 1.64119583 2.61799265 0.0 0.0 0
1 0.2 0.005 0.02575682 0.0099711 1.64642652 2.61799265 0.0 0.0 0
1 0.2 0.005 0.02580688 0.0100578 1.6516572 2.61799265 0.0 0.0 0
1 0.2 0.005 0.02585693 0.01014451 1.65688788 2.61799265 0.0 0.0 0
1 0.2 0.005 0.02590699 0.01023121 1.66211857 2.61799265 0.0 0.0 0
1 0.2 0.005 0.02595705 0.01031792 1.66734925 2.61799265 0.0 0.0 0
1 0.2 0.005 0.02600711 0.01040462 1.67257993 2.61799265 0.0 0.0 0
1 0.2 0.005 0.02605717 0.01049133 1.67781062 2.61799265 0.0 0.0 0
1 0.2 0.005 0.02610723 0.01057803 1.6830413 2.61799265 0.0 0.0 0
1 0.2 0.005 0.02615729 0.01066474 1.68827198 2.61799265 0.0 0.0 0
1 0.2 0.005 0.02620735 0.01075145 1.69350267 2.61799265 0.0 0.0 0
1 0.2 0.005 0.02625741 0.01083815 1.69873335 2.61799265 0.0 0.0 0
1 0.2 0.005 0.02630747 0.01092486 1.70396403 2.61799265 0.0 0.0 0
1 0.2 0.005 0.02635753 0.01101156 1.70919471 2.61799265 0.0 0.0 0
1 0.2 0.005 0.02640759 0.01109827 1.7144254 2.61799265 0.0 0.0 0
1 0.2 0.005 0.02645765 0.01118497 1.71965608 2.61799265 0.0 0.0 0
1 0.2 0.005 0.02650771 0.01127168 1.72488676 2.61799265 0.0 0.0 0
1 0.2 0.005 0.02655776 0.01135838 1.73011745 2.61799265 0.0 0.0 0
1 0.2 0.005 0.02660782 0.01144509 1.73534813 2.61799265 0.0 0.0 0
1 0.2 0.005 0.02665788 0.01153179 1.74057881 2.61799265 0.0 0.0 0
1 0.2 0.005 0.02670794 0.0116185 1.7458095 2.61799265 0.0 0.0 0
1 0.2 0.005 0.026758 0.0117052 1.75104018 2.61799265 0.0 0.0 0
1 0.2 0.005 0.02680806 0.01179191 1.75627086 2.61799265 0.0 0.0 0
1 0.2 0.005 0.02685812 0.01187861 1.76150155 2.61799265 0.0 0.0 0
1 0.2 0.005 0.02690818 0.01196532 1.76673223 2.61799265 0.0 0.0 0
1 0.2 0.005 0.02695824 0.01205202 1.77196291 2.61799265 0.0 0.0 0
1 0.2 0.005 0.0270083 0.01213873 1.7771936 2.61799265 0.0 0.0 0
1 0.2 0.005 0.02705836 0.01222543 1.78242428 2.61799265 0.0 0.0 0
1 0.2 0.005 0.02710842 0.01231214 1.78765496 2.61799265 0.0 0.0 0
1 0.2 0.005 0.02715848 0.01239884 1.79288564 2.61799265 0.0 0.0 0
1 0.2 0.005 0.02720854 0.01248555 1.79811633 2.61799265 0.0 0.0 0
1 0.2 0.005 0.02725859 0.01257225 1.80334701 2.61799265 0.0 0.0 0
1 0.2 0.005 0.02730865 0.01265896 1.80857769 2.61799265 0.0 0.0 0
1 0.2 0.005 0.02735871 0.01274566 1.81380838 2.61799265 0.0 0.0 0
1 0.2 0.005 0.02740877 0.01283237 1.81903906 2.61799265 0.0 0.0 0
1 0.2 0.005 0.02745883 0.01291908 1.82426974 2.61799265 0.0 0.0 0
1 0.2 0.005 0.02750889 0.01300578 1.82950043 2.61799265 0.0 0.0 0
1 0.2 0.005 0.02755895 0.01309249 1.83473111 2.61799265 0.0 0.0 0
1 0.2 0.005 0.02760901 0.01317919 1.83996179 2.61799265 0.0 0.0 0
1 0.2 0.005 0.02765907 0.0132659 1.84519248 2.61799265 0.0 0.0 0
1 0.2 0.005 0.02770913 0.0133526 1.85042316 2.61799265 0.0 0.0 0
1 0.2 0.005 0.02775919 0.01343931 1.85565384 2.61799265 0.0 0.0 0
1 0.2 0.005 0.02780925 0.01352601 1.86088452 2.61799265 0.0 0.0 0
1 0.2 0.005 0.02785931 0.01361272 1.86611521 2.61799265 0.0 0.0 0
1 0.2 0.005 0.02790936 0.01369942 1.87134589 2.61799265 0.0 0.0 0
1 0.2 0.005 0.02795942 0.01378613 1.87657657 2.61799265 0.0 0.0 0
1 0.2 0.005 0.02800948 0.01387283 1.88180726 2.61799265 0.0 0.0 0
1 0.2 0.005 0.02805954 0.01395954 1.88703794 2.61799265 0.0 0.0 0
1 0.2 0.005 0.0281096 0.01404624 1.89226862 2.61799265 0.0 0.0 0
1 0.2 0.005 0.02815966 0.01413295 1.89749931 2.61799265 0.0 0.0 0
1 0.2 0.005 0.02820972 0.01421965 1.90272999 2.61799265 0.0 0.0 0
1 0.2 0.005 0.02825978 0.01430636 1.90796067 2.61799265 0.0 0.0 0
1 0.2 0.005 0.02830984 0.01439306 1.91319136 2.61799265 0.0 0.0 0
1 0.2 0.005 0.0283599 0.01447977 1.91842204 2.61799265 0.0 0.0 0
1 0.2 0.005 0.02840996 0.01456647 1.92365272 2.61799265 0.0 0.0 0
1 0.2 0.005 0.02846002 0.01465318 1.92888341 2.61799265 0.0 0.0 0
1 0.2 0.005 0.02851008 0.01473988 1.93411409 2.61799265 0.0 0.0 0
1 0.2 0.005 0.02856014 0.01482659 1.93934477 2.61799265 0.0 0.0 0
1 0.2 0.005 0.02861019 0.01491329 1.94457545 2.61799265 0.0 0.0 0
1 0.2 0.005 0.02866025 0.015 1.94980614 2.61799265 0.0 0.0 0
1 0.2 0.005 0.02871031 0.01508671 1.95503682 2.61799265 0.0 0.0 0
1 0.2 0.005 0.02876037 0.01517341 1.9602675 2.61799265 0.0 0.0 0
1 0.2 0.005 0.02881043 0.01526012 1.96549819 2.61799265 0.0 0.0 0
1 0.2 0.005 0.02886049 0.01534682 1.97072887 2.61799265 0.0 0.0 0
1 0.2 0.005 0.02891055 0.01543353 1.97595955 2.61799265 0.0 0.0 0
1 0.2 0.005 0.02896061 0.01552023 1.98119024 2.61799265 0.0 0.0 0
1 0.2 0.005 0.02901067 0.01560694 1.98642092 2.61799265 0.0 0.0 0
1 0.2 0.005 0.02906073 0.01569364 1.9916516 2.61799265 0.0 0.0 0
1 0.2 0.005 0.02911079 0.01578035 1.99688229 2.61799265 0.0 0.0 0
1 0.2 0.005 0.02916085 0.01586705 2.00211297 2.61799265 0.0 0.0 0
1 0.2 0.005 0.02921091 0.01595376 2.00734365 2.61799265 0.0 0.0 0
1 0.2 0.005 0.02926097 0.01604046 2.01257434 2.61799265 0.0 0.0 0
1 0.2 0.005 0.02931102 0.01612717 2.01780502 2.61799265 0.0 0.0 0
1 0.2 0.005 0.02936108 0.01621387 2.0230357 2.61799265 0.0 0.0 0
1 0.2 0.005 0.02941114 0.01630058 2.02826638 2.61799265 0.0 0.0 0
1 0.2 0.005 0.0294612 0.01638728 2.03349707 2.61799265 0.0 0.0 0
1 0.2 0.005 0.02951126 0.01647399 2.03872775 2.61799265 0.0 0.0 0
1 0.2 0.005 0.02956132 0.01656069 2.04395843 2.61799265 0.0 0.0 0
1 0.2 0.005 0.02961138 0.0166474 2.04918912 2.61799265 0.0 0.0 0
1 0.2 0.005 0.02966144 0.0167341 2.0544198 2.61799265 0.0 0.0 0
1 0.2 0.005 0.0297115 0.01682081 2.05965048 2.61799265 0.0 0.0 0
1 0.2 0.005 0.02976156 0.01690751 2.06488117 2.61799265 0.0 0.0 0
1 0.2 0.005 0.02981162 0.01699422 2.07011185 2.61799265 0.0 0.0 0
1 0.2 0.005 0.02986168 0.01708092 2.07534253 2.61799265 0.0 0.0 0
1 0.2 0.005 0.02991174 0.01716763 2.08057322 2.61799265 0.0 0.0 0
1 0.2 0.005 0.0299618 0.01725434 2.0858039 2.61799265 0.0 0.0 0
1 0.2 0.005 0.03001185 0.01734104 2.09103458 2.61799265 0.0 0.0 0
1 0.2 0.005 0.03006191 0.01742775 2.09626526 2.61799265 0.0 0.0 0
1 0.2 0.005 0.03011197 0.01751445 2.10149595 2.61799265 0.0 0.0 0
1 0.2 0.005 0.03016203 0.01760116 2.10672663 2.61799265 0.0 0.0 0
1 0.2 0.005 0.03021209 0.01768786 2.11195731 2.61799265 0.0 0.0 0
1 0.2 0.005 0.03026215 0.01777457 2.117188 2.61799265 0.0 0.0 0
1 0.2 0.005 0.03031221 0.01786127 2.12241868 2.61799265 0.0 0.0 0
1 0.2 0.005 0.03036227 0.01794798 2.12764936 2.61799265 0.0 0.0 0
1 0.2 0.005 0.03041233 0.01803468 2.13288005 2.61799265 0.0 0.0 0
1 0.2 0.005 0.03046239 0.01812139 2.13811073 2.61799265 0.0 0.0 0
1 0.2 0.005 0.03051245 0.01820809 2.14334141 2.61799265 0.0 0.0 0
1 0.2 0.005 0.03056251 0.0182948 2.1485721 2.61799265 0.0 0.0 0
1 0.2 0.005 0.03061257 0.0183815 2.15380278 2.61799265 0.0 0.0 0
1 0.2 0.005 0.03066262 0.01846821 2.15903346 2.61799265 0.0 0.0 0
1 0.2 0.005 0.03071268 0.01855491 2.16426415 2.61799265 0.0 0.0 0
1 0.2 0.005 0.03076274 0.01864162 2.16949483 2.61799265 0.0 0.0 0
1 0.2 0.005 0.0308128 0.01872832 2.17472551 2.61799265 0.0 0.0 0
1 0.2 0.005 0.03086286 0.01881503 2.17995619 2.61799265 0.0 0.0 0
1 0.2 0.005 0.03091292 0.01890173 2.18518688 2.61799265 0.0 0.0 0
1 0.2 0.005 0.03096298 0.01898844 2.19041756 2.61799265 0.0 0.0 0
1 0.2 0.005 0.03101304 0.01907514 2.19564824 2.61799265 0.0 0.0 0
1 0.2 0.005 0.0310631 0.01916185 2.20087893 2.61799265 0.0 0.0 0
1 0.2 0.005 0.03111316 0.01924855 2.20610961 2.61799265 0.0 0.0 0
1 0.2 0.005 0.03116322 0.01933526 2.21134029 2.61799265 0.0 0.0 0
1 0.2 0.005 0.03121328 0.01942197 2.21657098 2.61799265 0.0 0.0 0
1 0.2 0.005 0.03126334 0.01950867 2.22180166 2.61799265 0.0 0.0 0
1 0.2 0.005 0.0313134 0.01959538 2.22703234 2.61799265 0.0 0.0 0
1 0.2 0.005 0.03136345 0.01968208 2.23226303 2.61799265 0.0 0.0 0
1 0.2 0.005 0.03141351 0.01976879 2.23749371 2.61799265 0.0 0.0 0
1 0.2 0.005 0.03146357 0.01985549 2.24272439 2.61799265 0.0 0.0 0
1 0.2 0.005 0.03151363 0.0199422 2.24795507 2.61799265 0.0 0.0 0
1 0.2 0.005 0.03156369 0.0200289 2.25318576 2.61799265 0.0 0.0 0
1 0.2 0.005 0.03161375 0.02011561 2.25841644 2.61799265 0.0 0.0 0
1 0.2 0.005 0.03166381 0.02020231 2.26364712 2.61799265 0.0 0.0 0
1 0.2 0.005 0.03171387 0.02028902 2.26887781 2.61799265 0.0 0.0 0
1 0.2 0.005 0.03176393 0.02037572 2.27410849 2.61799265 0.0 0.0 0
1 0.2 0.005 0.03181399 0.02046243 2.27933917 2.61799265 0.0 0.0 0
1 0.2 0.005 0.03186405 0.02054913 2.28456986 2.61799265 0.0 0.0 0
1 0.2 0.005 0.03191411 0.02063584 2.28980054 2.61799265 0.0 0.0 0
1 0.2 0.005 0.03196417 0.02072254 2.29503122 2.61799265 0.0 0.0 0
1 0.2 0.005 0.03201423 0.02080925 2.30026191 2.61799265 0.0 0.0 0
1 0.2 0.005 0.03206428 0.02089595 2.30549259 2.61799265 0.0 0.0 0
1 0.2 0.005 0.03211434 0.02098266 2.31072327 2.61799265 0.0 0.0 0
1 0.2 0.005 0.0321644 0.02106936 2.31595396 2.61799265 0.0 0.0 0
1 0.2 0.005 0.03221446 0.02115607 2.32118464 2.61799265 0.0 0.0 0
1 0.2 0.005 0.03226452 0.02124277 2.32641532 2.61799265 0.0 0.0 0
1 0.2 0.005 0.03231458 0.02132948 2.331646 2.61799265 0.0 0.0 0
1 0.2 0.005 0.03236464 0.02141618 2.33687669 2.61799265 0.0 0.0 0
1 0.2 0.005 0.0324147 0.02150289 2.34210737 2.61799265 0.0 0.0 0
1 0.2 0.005 0.03246476 0.0215896 2.34733805 2.61799265 0.0 0.0 0
1 0.2 0.005 0.03251482 0.0216763 2.35256874 2.61799265 0.0 0.0 0
1 0.2 0.005 0.03256488 0.02176301 2.35779942 2.61799265 0.0 0.0 0
1 0.2 0.005 0.03261494 0.02184971 2.3630301 2.61799265 0.0 0.0 0
1 0.2 0.005 0.032665 0.02193642 2.36826079 2.61799265 0.0 0.0 0
1 0.2 0.005 0.03271506 0.02202312 2.37349147 2.61799265 0.0 0.0 0
1 0.2 0.005 0.03276511 0.02210983 2.37872215 2.61799265 0.0 0.0 0
1 0.2 0.005 0.03281517 0.02219653 2.38395284 2.61799265 0.0 0.0 0
1 0.2 0.005 0.03286523 0.02228324 2.38918352 2.61799265 0.0 0.0 0
1 0.2 0.005 0.03291529 0.02236994 2.3944142 2.61799265 0.0 0.0 0
1 0.2 0.005 0.03296535 0.02245665 2.39964489 2.61799265 0.0 0.0 0
1 0.2 0.005 0.03301541 0.02254335 2.40487557 2.61799265 0.0 0.0 0
1 0.2 0.005 0.03306547 0.02263006 2.41010625 2.61799265 0.0 0.0 0
1 0.2 0.005 0.03311553 0.02271676 2.41533693 2.61799265 0.0 0.0 0
1 0.2 0.005 0.03316559 0.02280347 2.42056762 2.61799265 0.0 0.0 0
1 0.2 0.005 0.03321565 0.02289017 2.4257983 2.61799265 0.0 0.0 0
1 0.2 0.005 0.03326571 0.02297688 2.43102898 2.61799265 0.0 0.0 0
1 0.2 0.005 0.03331577 0.02306358 2.43625967 2.61799265 0.0 0.0 0
1 0.2 0.005 0.03336583 0.02315029 2.44149035 2.61799265 0.0 0.0 0
1 0.2 0.005 0.03341588 0.02323699 2.44672103 2.61799265 0.0 0.0 0
1 0.2 0.005 0.03346594 0.0233237 2.45195172 2.61799265 0.0 0.0 0
1 0.2 0.005 0.033516 0.0234104 2.4571824 2.61799265 0.0 0.0 0
1 0.2 0.005 0.03356606 0.02349711 2.46241308 2.61799265 0.0 0.0 0
1 0.2 0.005 0.03361612 0.02358382 2.46764377 2.61799265 0.0 0.0 0
1 0.2 0.005 0.03366618 0.02367052 2.47287445 2.61799265 0.0 0.0 0
1 0.2 0.005 0.03371624 0.02375723 2.47810513 2.61799265 0.0 0.0 0
1 0.2 0.005 0.0337663 0.02384393 2.48333581 2.61799265 0.0 0.0 0
1 0.2 0.005 0.03381636 0.02393064 2.4885665 2.61799265 0.0 0.0 0
1 0.2 0.005 0.03386642 0.02401734 2.49379718 2.61799265 0.0 0.0 0
1 0.2 0.005 0.03391648 0.02410405 2.49902786 2.61799265 0.0 0.0 0
1 0.2 0.005 0.03396654 0.02419075 2.50425855 2.61799265 0.0 0.0 0
1 0.2 0.005 0.0340166 0.02427746 2.50948923 2.61799265 0.0 0.0 0
1 0.2 0.005 0.03406666 0.02436416 2.51471991 2.61799265 0.0 0.0 0
1 0.2 0.005 0.03411671 0.02445087 2.5199506 2.61799265 0.0 0.0 0
1 0.2 0.005 0.03416677 0.02453757 2.52518128 2.61799265 0.0 0.0 0
1 0.2 0.005 0.03421683 0.02462428 2.53041196 2.61799265 0.0 0.0 0
1 0.2 0.005 0.03426689 0.02471098 2.53564265 2.61799265 0.0 0.0 0
1 0.2 0.005 0.03431695 0.02479769 2.54087333 2.61799265 0.0 0.0 0
1 0.2 0.005 0.03436701 0.02488439 2.54610401 2.61799265 0.0 0.0 0
1 0.2 0.005 0.03441707 0.0249711 2.5513347 2.61799265 0.0 0.0 0
1 0.2 0.005 0.03446713 0.0250578 2.55656538 2.61799265 0.0 0.0 0
1 0.2 0.005 0.03451719 0.02514451 2.56179606 2.61799265 0.0 0.0 0
1 0.2 0.005 0.03456725 0.02523121 2.56702674 2.61799265 0.0 0.0 0
1 0.2 0.005 0.03461731 0.02531792 2.57225743 2.61799265 0.0 0.0 0
1 0.2 0.005 0.03466737 0.02540462 2.57748811 2.61799265 0.0 0.0 0
1 0.2 0.005 0.03471743 0.02549133 2.58271879 2.61799265 0.0 0.0 0
1 0.2 0.005 0.03476749 0.02557803 2.58794948 2.61799265 0.0 0.0 0
1 0.2 0.005 0.03481754 0.02566474 2.59318016 2.61799265 0.0 0.0 0
1 0.2 0.005 0.0348676 0.02575145 2.59841084 2.61799265 0.0 0.0 0
1 0.2 0.005 0.03491766 0.02583815 2.60364153 2.61799265 0.0 0.0 0
1 0.2 0.005 0.03496772 0.02592486 2.60887221 2.61799265 0.0 0.0 0
1 0.2 0.005 0.03501778 0.02601156 2.61410289 2.61799265 0.0 0.0 0
1 0.2 0.005 0.03506784 0.02609827 2.61933358 2.61799265 0.0 0.0 0
1 0.2 0.005 0.0351179 0.02618497 2.62456426 2.61799265 0.0 0.0 0
1 0.2 0.005 0.03516796 0.02627168 2.62979494 2.61799265 0.0 0.0 0
1 0.2 0.005 0.03521802 0.02635838 2.63502562 2.61799265 0.0 0.0 0
1 0.2 0.005 0.03526808 0.02644509 2.64025631 2.61799265 0.0 0.0 0
1 0.2 0.005 0.03531814 0.02653179 2.64548699 2.61799265 0.0 0.0 0
1 0.2 0.005 0.0353682 0.0266185 2.65071767 2.61799265 0.0 0.0 0
1 0.2 0.005 0.03541826 0.0267052 2.65594836 2.61799265 0.0 0.0 0
1 0.2 0.005 0.03546832 0.02679191 2.66117904 2.61799265 0.0 0.0 0
1 0.2 0.005 0.03551837 0.02687861 2.66640972 2.61799265 0.0 0.0 0
1 0.2 0.005 0.03556843 0.02696532 2.67164041 2.61799265 0.0 0.0 0
1 0.2 0.005 0.03561849 0.02705202 2.67687109 2.61799265 0.0 0.0 0
1 0.2 0.005 0.03566855 0.02713873 2.68210177 2.61799265 0.0 0.0 0
1 0.2 0.005 0.03571861 0.02722543 2.68733246 2.61799265 0.0 0.0 0
1 0.2 0.005 0.03576867 0.02731214 2.69256314 2.61799265 0.0 0.0 0
1 0.2 0.005 0.03581873 0.02739884 2.69779382 2.61799265 0.0 0.0 0
1 0.2 0.005 0.03586879 0.02748555 2.70302451 2.61799265 0.0 0.0 0
1 0.2 0.005 0.03591885 0.02757225 2.70825519 2.61799265 0.0 0.0 0
1 0.2 0.005 0.03596891 0.02765896 2.71348587 2.61799265 0.0 0.0 0
1 0.2 0.005 0.03601897 0.02774566 2.71871655 2.61799265 0.0 0.0 0
1 0.2 0.005 0.03606903 0.02783237 2.72394724 2.61799265 0.0 0.0 0
1 0.2 0.005 0.03611909 0.02791908 2.72917792 2.61799265 0.0 0.0 0
1 0.2 0.005 0.03616914 0.02800578 2.7344086 2.61799265 0.0 0.0 0
1 0.2 0.005 0.0362192 0.02809249 2.73963929 2.61799265 0.0 0.0 0
1 0.2 0.005 0.03626926 0.02817919 2.74486997 2.61799265 0.0 0.0 0
1 0.2 0.005 0.03631932 0.0282659 2.75010065 2.61799265 0.0 0.0 0
1 0.2 0.005 0.03636938 0.0283526 2.75533134 2.61799265 0.0 0.0 0
1 0.2 0.005 0.03641944 0.02843931 2.76056202 2.61799265 0.0 0.0 0
1 0.2 0.005 0.0364695 0.02852601 2.7657927 2.61799265 0.0 0.0 0
1 0.2 0.005 0.03651956 0.02861272 2.77102339 2.61799265 0.0 0.0 0
1 0.2 0.005 0.03656962 0.02869942 2.77625407 2.61799265 0.0 0.0 0
1 0.2 0.005 0.03661968 0.02878613 2.78148475 2.61799265 0.0 0.0 0
1 0.2 0.005 0.03666974 0.02887283 2.78671544 2.61799265 0.0 0.0 0
1 0.2 0.005 0.0367198 0.02895954 2.79194612 2.61799265 0.0 0.0 0
1 0.2 0.005 0.03676986 0.02904624 2.7971768 2.61799265 0.0 0.0 0
1 0.2 0.005 0.03681992 0.02913295 2.80240748 2.61799265 0.0 0.0 0
1 0.2 0.005 0.03686997 0.02921965 2.80763817 2.61799265 0.0 0.0 0
1 0.2 0.005 0.03692003 0.02930636 2.81286885 2.61799265 0.0 0.0 0
1 0.2 0.005 0.03697009 0.02939306 2.81809953 2.61799265 0.0 0.0 0
1 0.2 0.005 0.03702015 0.02947977 2.82333022 2.61799265 0.0 0.0 0
1 0.2 0.005 0.03707021 0.02956647 2.8285609 2.61799265 0.0 0.0 0
1 0.2 0.005 0.03712027 0.02965318 2.83379158 2.61799265 0.0 0.0 0
1 0.2 0.005 0.03717033 0.02973988 2.83902227 2.61799265 0.0 0.0 0
1 0.2 0.005 0.03722039 0.02982659 2.84425295 2.61799265 0.0 0.0 0
